examples/shallow_reservoirs_case/rasters/diamond_exp_005_norm_linear.asc
ncols        120
nrows        80
xllcorner    0.000000000000
yllcorner    -0.000391944000
cellsize     0.050000000000
NODATA_value  -9999
[rows 54 to 71 of 80, columns 41 to 81 of 120]
0.044833333333333336146 0.044666666666666667018 0.043833333333333335258 0.043000000000000003497 0.043499999999999997002 0.042749999999999996336 0.042000000000000002609 0.04188888888888889217 0.041777777777777781731 0.041666666666666664354 0.041208333333333332926 0.040750000000000001499 0.041541666666666671182 0.042333333333333333925 0.041333333333333333037 0.041499999999999995226 0.041666666666666664354 0.041666666666666671293 0.041666666666666664354 0.041666666666666664354 0.041666666666666664354 0.041666666666666664354 0.042499999999999996114 0.043333333333333334814 0.045000000000000005274 0.045749999999999999001 0.046499999999999999667 0.046555555555555558356 0.046611111111111110106 0.046666666666666668795 0.048083333333333339032 0.049500000000000002331 0.048625000000000001554 0.047750000000000000777 0.05026666666666666089 0.048966666666666665286 0.047666666666666669683 0.047777777777777780122 0.047888888888888897499 0.048000000000000007938 0.049500000000000002331
0.045749999999999999001 0.045999999999999999223 0.045124999999999998446 0.044249999999999997669 0.044666666666666667018 0.044166666666666666574 0.04366666666666666613 0.043555555555555555691 0.043444444444444445252 0.043333333333333334814 0.042999999999999996558 0.042666666666666665242 0.043208333333333334703 0.043749999999999997224 0.043000000000000003497 0.043000000000000003497 0.043000000000000003497 0.042666666666666672181 0.042333333333333333925 0.042000000000000002609 0.042500000000000003053 0.043000000000000003497 0.043499999999999997002 0.043999999999999997446 0.046499999999999999667 0.047250000000000000333 0.048000000000000007938 0.048477777777777779356 0.048955555555555557712 0.049433333333333329129 0.049383333333333334636 0.049333333333333340143 0.048500000000000001443 0.047666666666666669683 0.049249999999999995171 0.048375000000000001332 0.047500000000000000555 0.047833333333333331872 0.048166666666666670127 0.048500000000000001443 0.049666666666666671459
0.046833333333333337922 0.045666666666666667906 0.045833333333333337034 0.046000000000000006162 0.046000000000000006162 0.045000000000000005274 0.044000000000000004385 0.043916666666666673291 0.043833333333333335258 0.043749999999999997224 0.043541666666666666019 0.043333333333333334814 0.043499999999999997002 0.04366666666666666613 0.043333333333333334814 0.04366666666666666613 0.043999999999999997446 0.043833333333333328319 0.04366666666666666613 0.043499999999999997002 0.043624999999999997113 0.043749999999999997224 0.04437499999999999778 0.045000000000000005274 0.046333333333333337478 0.04783333333333333881 0.049333333333333340143 0.049188888888888893103 0.049044444444444459941 0.048900000000000005962 0.048616666666666669139 0.048333333333333339255 0.048000000000000000999 0.047666666666666669683 0.048333333333333339255 0.048000000000000000999 0.047666666666666669683 0.048000000000000000999 0.048333333333333339255 0.048666666666666670571 0.048666666666666670571
0.048375000000000001332 0.04700000000000000705 0.046833333333333337922 0.046666666666666668795 0.047250000000000000333 0.046249999999999999445 0.045249999999999998557 0.044944444444444446585 0.044638888888888894613 0.044333333333333335702 0.043916666666666666352 0.043499999999999997002 0.043916666666666666352 0.044333333333333335702 0.044333333333333335702 0.044666666666666673957 0.045000000000000005274 0.044777777777777784396 0.044555555555555556579 0.044333333333333335702 0.044499999999999997891 0.044666666666666667018 0.045166666666666667462 0.045666666666666667906 0.04700000000000000705 0.048625000000000001554 0.050250000000000002998 0.050055555555555561464 0.049861111111111119931 0.049666666666666671459 0.049333333333333340143 0.049000000000000001887 0.048250000000000001221 0.047500000000000000555 0.046966666666666677388 0.047316666666666673535 0.047666666666666669683 0.047694444444444455966 0.047722222222222221433 0.047750000000000000777 0.048750000000000001665
0.049000000000000001887 0.048000000000000000999 0.047625000000000000666 0.047250000000000000333 0.048333333333333339255 0.047333333333333338366 0.046333333333333337478 0.046000000000000006162 0.045666666666666674845 0.04533333333333333659 0.044499999999999997891 0.04366666666666666613 0.044333333333333335702 0.044999999999999998335 0.045749999999999999001 0.045708333333333336923 0.045666666666666667906 0.045444444444444447029 0.045222222222222226151 0.045000000000000005274 0.045166666666666674401 0.04533333333333333659 0.046166666666666668351 0.047000000000000000111 0.048750000000000001665 0.050041666666666664853 0.05133333333333333498 0.051000000000000010603 0.050666666666666679286 0.050333333333333341031 0.049933333333333329573 0.049533333333333325055 0.048933333333333328685 0.048333333333333339255 0.047500000000000000555 0.047875000000000000888 0.048250000000000001221 0.048166666666666663188 0.048083333333333339032 0.048000000000000007938 0.048666666666666670571
0.051666666666666673235 0.050000000000000009714 0.049333333333333340143 0.048666666666666670571 0.048500000000000001443 0.047916666666666669905 0.047333333333333338366 0.047055555555555565739 0.046777777777777779233 0.046499999999999999667 0.046083333333333337256 0.045666666666666667906 0.046166666666666668351 0.046666666666666668795 0.045666666666666667906 0.046208333333333337367 0.046749999999999999889 0.046611111111111117045 0.046472222222222227261 0.046333333333333337478 0.046541666666666668684 0.046749999999999999889 0.047541666666666669572 0.048333333333333339255 0.049000000000000008826 0.051000000000000003664 0.052999999999999998501 0.052833333333333329374 0.052666666666666667185 0.052499999999999998057 0.050599999999999999145 0.048700000000000000233 0.048350000000000004086 0.048000000000000000999 0.048333333333333339255 0.048166666666666677066 0.048000000000000007938 0.04777777777777778706 0.047555555555555559244 0.047333333333333338366 0.048666666666666670571
0.052708333333333329263 0.051666666666666666297 0.050583333333333334314 0.049500000000000002331 0.049666666666666671459 0.049083333333333339921 0.048500000000000001443 0.048333333333333339255 0.048166666666666670127 0.048000000000000007938 0.047250000000000000333 0.046499999999999999667 0.047416666666666669461 0.048333333333333339255 0.046666666666666668795 0.047333333333333338366 0.048000000000000007938 0.047666666666666676622 0.047333333333333345305 0.04700000000000000705 0.047500000000000007494 0.048000000000000007938 0.048500000000000008382 0.049000000000000008826 0.050666666666666665408 0.051958333333333328596 0.053249999999999998723 0.05305555555555555719 0.052861111111111108718 0.052666666666666667185 0.050958333333333334647 0.049250000000000002109 0.049291666666666671126 0.049333333333333340143 0.05050000000000000322 0.049083333333333339921 0.047666666666666669683 0.048111111111111118377 0.048555555555555560132 0.049000000000000001887 0.047750000000000000777
0.053708333333333330151 0.053749999999999999167 0.052374999999999997946 0.050999999999999996725 0.051999999999999997613 0.051166666666666665853 0.050333333333333334092 0.050333333333333341031 0.050333333333333341031 0.050333333333333341031 0.049166666666666677954 0.048000000000000007938 0.048750000000000001665 0.049500000000000002331 0.048500000000000001443 0.048375000000000001332 0.048250000000000001221 0.048083333333333332094 0.047916666666666669905 0.047750000000000000777 0.048625000000000001554 0.049500000000000002331 0.049250000000000002109 0.049000000000000001887 0.052499999999999998057 0.052916666666666667407 0.053333333333333336757 0.05311111111111110894 0.052888888888888888062 0.052666666666666667185 0.051166666666666665853 0.049666666666666671459 0.049500000000000002331 0.049333333333333340143 0.053066666666666671703 0.050858333333333338722 0.048649999999999998801 0.048566666666666667707 0.048483333333333336612 0.048399999999999998579 0.047666666666666669683
0.053166666666666667629 0.052666666666666667185 0.052833333333333329374 0.052999999999999998501 0.051474999999999999922 0.051904166666666667895 0.052333333333333335868 0.052305555555555549585 0.052277777777777777179 0.052249999999999997835 0.050791666666666665519 0.049333333333333340143 0.050000000000000002776 0.050666666666666665408 0.049666666666666671459 0.049000000000000001887 0.048333333333333339255 0.048444444444444449693 0.048555555555555560132 0.048666666666666670571 0.049333333333333340143 0.050000000000000009714 0.050833333333333341475 0.051666666666666666297 0.052666666666666667185 0.053166666666666667629 0.053666666666666668073 0.053277777777777778068 0.052888888888888888062 0.052499999999999998057 0.051583333333333328263 0.050666666666666665408 0.050708333333333327486 0.050749999999999996503 0.052275000000000002021 0.050054166666666670416 0.04783333333333333881 0.048266666666666672991 0.048700000000000000233 0.049133333333333334414 0.047750000000000000777
0.052749999999999998279 0.052999999999999998501 0.053999999999999999389 0.055000000000000000278 0.053466666666666662344 0.053358333333333327064 0.053249999999999998723 0.052944444444444446751 0.05263888888888888784 0.052333333333333335868 0.051666666666666666297 0.051000000000000003664 0.050533333333333332882 0.050066666666666669039 0.052333333333333335868 0.051166666666666665853 0.049999999999999995837 0.049888888888888885398 0.049777777777777781898 0.049666666666666671459 0.050166666666666664964 0.050666666666666665408 0.051500000000000004108 0.052333333333333335868 0.052333333333333335868 0.05329166666666666774 0.054249999999999999611 0.053500000000000005884 0.052750000000000005218 0.051999999999999997613 0.051125000000000003775 0.050250000000000002998 0.04812500000000000111 0.046000000000000006162 0.048933333333333328685 0.048591666666666664953 0.048250000000000001221 0.048250000000000001221 0.048250000000000001221 0.048250000000000001221 0.047666666666666669683
0.051833333333333328485 0.051999999999999997613 0.054583333333333330928 0.057166666666666664243 0.053666666666666668073 0.053666666666666668073 0.053666666666666668073 0.053555555555555564573 0.053444444444444447195 0.053333333333333336757 0.052833333333333336312 0.052333333333333335868 0.052329166666666662722 0.052324999999999996514 0.053724999999999994982 0.052237499999999999212 0.050750000000000003442 0.05038888888888889972 0.05002777777777778212 0.049666666666666671459 0.050458333333333334203 0.051249999999999996947 0.052362499999999992384 0.05347499999999999476 0.052249999999999997835 0.052958333333333329485 0.053666666666666668073 0.05300000000000000544 0.052333333333333342807 0.051666666666666666297 0.051500000000000004108 0.05133333333333333498 0.047500000000000000555 0.04366666666666666613 0.046666666666666668795 0.047333333333333338366 0.048000000000000007938 0.047188888888888891326 0.046377777777777781654 0.045566666666666665042 0.04700000000000000705
0.051000000000000003664 0.05133333333333333498 0.053366666666666666419 0.055399999999999997857 0.053249999999999998723 0.053624999999999999056 0.053999999999999999389 0.054083333333333337423 0.054166666666666668517 0.054249999999999999611 0.053458333333333329929 0.052666666666666667185 0.05300000000000000544 0.053333333333333336757 0.054833333333333338089 0.053750000000000006106 0.052666666666666667185 0.052227777777777775747 0.051788888888888891249 0.051349999999999999811 0.052008333333333336967 0.052666666666666667185 0.052733333333333326509 0.052799999999999992772 0.05133333333333333498 0.052383333333333337301 0.053433333333333332682 0.052288888888888898632 0.051144444444444450704 0.050000000000000002776 0.048625000000000001554 0.047250000000000000333 0.04562499999999999889 0.043999999999999997446 0.045999999999999999223 0.046833333333333337922 0.047666666666666669683 0.0470555555555555588 0.046444444444444454856 0.045833333333333337034 0.047000000000000000111
0.050000000000000002776 0.049500000000000002331 0.051083333333333334758 0.052666666666666667185 0.053333333333333336757 0.054000000000000006328 0.054666666666666668961 0.054444444444444448084 0.054222222222222227206 0.053999999999999999389 0.053499999999999998945 0.052999999999999998501 0.053999999999999999389 0.055000000000000000278 0.05463333333333333236 0.053983333333333334558 0.053333333333333336757 0.05300000000000000544 0.052666666666666667185 0.052333333333333335868 0.052333333333333335868 0.052333333333333335868 0.052333333333333335868 0.052333333333333335868 0.05133333333333333498 0.051529166666666667562 0.051725000000000000144 0.051150000000000001021 0.05057499999999999496 0.049999999999999995837 0.046166666666666661412 0.042333333333333333925 0.043999999999999997446 0.045666666666666667906 0.046000000000000006162 0.046749999999999999889 0.047500000000000000555 0.046749999999999999889 0.045999999999999999223 0.045249999999999998557 0.047000000000000000111
0.049583333333333340365 0.048666666666666670571 0.050333333333333334092 0.051999999999999997613 0.051999999999999997613 0.053666666666666668073 0.055333333333333338533 0.055000000000000007216 0.054666666666666668961 0.054333333333333337645 0.054166666666666668517 0.053999999999999999389 0.054750000000000000056 0.055500000000000000722 0.054824999999999998734 0.054662500000000002753 0.054499999999999999833 0.053888888888888888951 0.053277777777777778068 0.052666666666666667185 0.052708333333333329263 0.052749999999999998279 0.052249999999999997835 0.051749999999999997391 0.050000000000000002776 0.050000000000000002776 0.049999999999999995837 0.048444444444444442754 0.046888888888888889672 0.04533333333333333659 0.047483333333333335724 0.049633333333333334858 0.047691666666666666929 0.045749999999999999001 0.045999999999999999223 0.046499999999999999667 0.04700000000000000705 0.046333333333333337478 0.045666666666666674845 0.044999999999999998335 -9999
0.051980000000000005367 0.048666666666666670571 0.04966666666666666452 0.050666666666666665408 0.049666666666666671459 0.052208333333333335757 0.054750000000000000056 0.054416666666666668739 0.054083333333333330484 0.053749999999999999167 0.054374999999999999722 0.055000000000000000278 0.055000000000000000278 0.055000000000000000278 0.054266666666666664443 0.054883333333333332582 0.055500000000000000722 0.054444444444444448084 0.053388888888888888506 0.052333333333333335868 0.052166666666666666741 0.051999999999999997613 0.051499999999999997169 0.050999999999999996725 0.050000000000000009714 0.049833333333333340587 0.049666666666666671459 0.049611111111111119709 0.04955555555555556102 0.049500000000000002331 0.050575000000000001898 0.051650000000000001465 0.048825000000000007283 0.046000000000000006162 0.046000000000000006162 0.046500000000000006606 0.04700000000000000705 0.045749999999999999001 0.047549999999999995048 -9999 -9999
-9999 0.056233333333333336557 0.048833333333333339699 0.049666666666666671459 0.049666666666666671459 0.051000000000000003664 0.052333333333333335868 0.052988888888888890927 0.053644444444444445985 0.054299999999999994105 0.054649999999999997191 0.055000000000000000278 0.054875000000000000167 0.054750000000000000056 0.056333333333333325543 0.055399999999999990918 0.054466666666666663232 0.053533333333333335546 0.05260000000000000786 0.051666666666666666297 0.051666666666666666297 0.051666666666666666297 0.051000000000000003664 0.050333333333333334092 0.050250000000000002998 0.049250000000000002109 0.048250000000000001221 0.04883333333333333276 0.049416666666666664298 0.049999999999999995837 0.050499999999999996281 0.050999999999999996725 0.048500000000000001443 0.046000000000000006162 0.046000000000000006162 0.046499999999999999667 0.045499999999999998779 -9999 -9999 -9999 -9999
-9999 -9999 -9999 0.049000000000000001887 0.05979999999999999899 0.054900000000000004352 0.050000000000000009714 0.051611111111111121486 0.053222222222222233257 0.054833333333333338089 0.054816666666666666319 0.054799999999999994549 0.054399999999999996969 0.053999999999999999389 0.05617499999999999577 0.055474999999999996536 0.054775000000000004241 0.054016666666666671159 0.053258333333333338078 0.052499999999999998057 0.05162499999999999728 0.050749999999999996503 0.050499999999999996281 0.050249999999999996059 0.049999999999999995837 0.047333333333333331427 0.044666666666666667018 0.046111111111111116601 0.047555555555555559244 0.049000000000000008826 0.050000000000000002776 0.050999999999999996725 0.048500000000000001443 0.045999999999999999223 0.045999999999999999223 -9999 -9999 -9999 -9999 -9999 -9999
-9999 -9999 -9999 -9999 0.058799999999999998102 0.054150000000000003686 0.049500000000000002331 0.052233333333333339943 0.054966666666666670615 0.057700000000000001288 0.05568333333333333468 0.053666666666666668073 0.053166666666666667629 0.052666666666666667185 0.054666666666666668961 0.053666666666666668073 0.052666666666666667185 0.05222222222222222543 0.051777777777777783674 0.05133333333333333498 0.051000000000000003664 0.050666666666666665408 0.050333333333333327153 0.049999999999999995837 0.049000000000000008826 0.045500000000000005718 0.042000000000000002609 0.044250000000000004607 0.046499999999999999667 0.048750000000000001665 0.049875000000000002665 0.050999999999999996725 0.048500000000000001443 0.045999999999999999223 -9999 -9999 -9999 -9999 -9999 -9999 -9999
