examples/shallow_reservoirs_case/rasters/diamond_sim_005_norm_linear.asc
ncols        120
nrows        80
xllcorner    0.000000000000
yllcorner    -0.000391944000
cellsize     0.050000000000
NODATA_value  -9999
[rows 36 to 53 of 80, columns 0 to 40 of 120]
-9999 -9999 0.021827902333333332879 0.02547125304166666937 0.029114603750000002391 0.024586084333333330793 0.02698959405555555538 0.029393103777777776497 0.031796613500000001085 0.033036495249999998924 0.034276376999999996764 0.037388629666666665929 0.039452921333333335063 0.041517212999999997258 0.042027700111111107595 0.04253818722222222487 0.043048674333333335207 0.042283707333333336864 0.041518740333333331582 0.042936520666666672108 0.044354301000000005695 0.043133817333333338007 0.041913333666666670319 0.041178560333333329158 0.041021424722222220305 0.040864289111111111452 0.040707153500000002599 0.039511283000000001209 0.039102915000000001977 0.038694546999999995807 0.038286178999999996575 0.037725185666666667672 0.037164192333333338769 0.037062806000000003692 0.037044322000000004524 0.037025837999999998418 0.03700735399999999925 0.035524188666666671466 0.035439040222222224774 0.035353891777777785022 0.035268743333333331391
0.032880694000000001975 0.028171721874999999802 0.023462749749999997628 0.026348414708333330048 0.029234079666666665936 0.026101788000000000767 0.028725210777777780702 0.031348633555555560637 0.033972056333333340572 0.033641315166666671543 0.033310573999999995576 0.037911782499999997775 0.040468761916666665113 0.04302574133333333245 0.043215149888888887419 0.043404558444444449328 0.043593966999999997358 0.042739642166666667877 0.041885317333333338397 0.042925664666666668579 0.043966011999999998761 0.043059121625000001954 0.042152231249999998208 0.040624052666666667089 0.040467619666666662659 0.040311186666666665168 0.040154753666666660739 0.03912855074999999766 0.0386683481666666648 0.038208145583333331941 0.037747942999999999081 0.037521495666666668245 0.03729504833333333047 0.036838372000000001172 0.036800849666666669846 0.036763327333333331581 0.036725805000000000256 0.035448704333333330707 0.035384974999999999068 0.035321245666666667429 0.035257516333333328851
0.030126799249999999114 0.027218525625000000029 0.024310252000000000944 0.027184053875000002698 0.030057855750000000983 0.028935400000000000009 0.03108743616666666959 0.033239472333333339171 0.035391508500000001813 0.034893667249999996138 0.034395825999999997402 0.039717675000000000896 0.042029920750000004936 0.044342166500000002038 0.044661803111111120224 0.044981439722222224531 0.045301076333333335777 0.044004715541666669654 0.042708354749999996591 0.043147840874999995875 0.043587326999999995158 0.042858539833333333946 0.042129752666666665795 0.039622786499999999854 0.039560762166666665895 0.039498737833333331937 0.039436713499999997978 0.038750758333333336358 0.03839430072222222573 0.038037843111111122041 0.037681385500000004474 0.03752077125000000124 0.037360156999999998007 0.036746073249999997024 0.036633309666666669102 0.036520546083333334242 0.036407782499999999382 0.03542058775000000298 0.035315748750000000578 0.035210909750000005114 0.035106070750000002711
0.024202291250000000644 0.024041993375000000888 0.023881695500000001131 0.028339325500000001751 0.03279695550000000237 0.03274227033333333009 0.034488250222222217867 0.036234230111111105643 0.03798020999999999342 0.038371415124999995461 0.038762620249999997502 0.042416985666666663646 0.04327376333333333297 0.044130541000000002294 0.045266262833333334448 0.04640198466666667354 0.047537706499999998755 0.045362219083333335523 0.043186731666666665352 0.043206532833333331778 0.043226333999999998203 0.042546389125000000364 0.041866444250000002525 0.039224284333333331309 0.039126710111111115409 0.03902913588888888563 0.038931561666666662791 0.038651365749999999633 0.038322430166666671125 0.037993494583333335679 0.037664559000000000233 0.037491125333333333303 0.037317691666666666372 0.036750964000000004017 0.036577876333333342318 0.036404788666666666741 0.036231700999999998103 0.035499706999999998402 0.035349458000000000268 0.035199209000000002134 0.035048959999999997061
0.019661898750000000174 0.021498772041666665972 0.023335645333333331769 0.029554966999999994492 0.035774288666666660685 0.039225764250000003108 0.040111925500000006339 0.04099808675000000957 0.041884248000000005863 0.043260535833333335631 0.0446368236666666654 0.045254292666666667833 0.045315022666666662787 0.045375752666666664681 0.046700244333333335023 0.048024735999999998426 0.049349227666666661829 0.046545322000000000084 0.04374141633333333834 0.043890831500000004883 0.044040246666666664488 0.043244397333333337019 0.042448548000000002611 0.040029117333333336104 0.039728737888888893126 0.039428358444444450148 0.039127979000000000231 0.03895436699999999669 0.038553638777777773927 0.038152910555555558103 0.03775218233333333534 0.03749932949999999765 0.037246476666666666899 0.036823895666666668636 0.036573486444444448795 0.036323077222222228955 0.036072668000000002175 0.035730532000000002346 0.03548017288888889037 0.035229813777777785333 0.034979454666666666418
0.016945607750000001024 0.020100806374999998644 0.023256004999999996263 0.031399792499999995554 0.039543579999999994845 0.046653709333333327758 0.047389702888888884935 0.048125696444444442113 0.04886168999999999929 0.049341207666666664355 0.04982072533333333636 0.048022880999999996432 0.04800079112499999745 0.047978701249999998468 0.048715330388888880564 0.049451959527777776537 0.050188588666666665572 0.047698511583333338959 0.045208434500000005407 0.04531338312500000215 0.045418331749999998892 0.044429792208333332426 0.043441252666666672899 0.040959934249999996325 0.040553054583333331129 0.040146174916666665933 0.039739295250000000737 0.039068280000000003838 0.038716038916666674352 0.038363797833333337928 0.038011556750000001503 0.037742275625000001882 0.037472994499999995321 0.037130350749999999072 0.036807506416666663229 0.036484662083333334326 0.036161817749999998484 0.035938891000000000586 0.035696010333333333397 0.035453129666666666209 0.03521024899999999902
0.016489633333333333226 0.020481717166666670027 0.024473801000000003358 0.033280145499999996828 0.042086489999999997236 0.05381196300000000432 0.054461025111111116548 0.055110087222222228776 0.055759149333333334064 0.05608521929166666864 0.056411289250000003215 0.051970283999999998537 0.051698960000000002135 0.051427635999999998795 0.051532832333333333796 0.051638028666666661859 0.05174322499999999686 0.049604511333333330125 0.04746579766666666339 0.047603635666666671566 0.047741473666666672804 0.046163249208333340112 0.044585024750000000482 0.042168378666666665733 0.041542281777777773089 0.040916184888888887383 0.040290087999999994739 0.039648432999999996817 0.039262913444444449973 0.038877393888888889251 0.038491874333333335467 0.038189592166666667949 0.037887310000000000432 0.037396696999999999578 0.037009289111111107196 0.036621881222222221752 0.03623447333333332937 0.036126972000000000251 0.035942509444444444011 0.03575804688888889471 0.035573584333333331531
-9999 -9999 0.025905283333333334328 0.035098085541666670939 0.044290887750000000611 0.058654985666666666078 0.06011125352777778319 0.061567521388888893363 0.063023789250000003537 0.063633818125000005117 0.064243847000000006697 0.057703417666666666219 0.057144436583333332869 0.056585455499999999518 0.055720098333333335783 0.054854741166666665109 0.053989384000000001373 0.052019756999999999802 0.05005013000000000517 0.050052374999999996175 0.050054619999999994118 0.048028389666666657098 0.046002159333333327018 0.043434859999999998748 0.042706388333333331064 0.04197791666666667032 0.041249445000000002637 0.04039674099999999296 0.040038590249999998771 0.039680439499999997643 0.039322288750000003454 0.038818094875000000443 0.038313901000000004371 0.037586824749999997453 0.037176783833333330864 0.036766742916666664276 0.036356701999999997688 0.036272857999999998102 0.036136213444444439946 0.035999568888888888729 0.035862924333333330573
-9999 -9999 -9999 0.036097391666666665822 0.045978796666666661708 0.061120276666666667476 0.062814967777777785951 0.064509658888888904427 0.066204350000000009024 0.067196143875000002854 0.068187937750000010562 0.062609169333333339336 0.06191221633333333918 0.061215263333333332085 0.059813175000000003145 0.058411086666666667266 0.057008998333333338326 0.055537135791666671081 0.054065273250000003835 0.053073122750000006898 0.052080972250000003021 0.049695468791666669306 0.047309965333333335591 0.044902682499999999055 0.044165277888888888891 0.043427873277777778727 0.042690468666666668562 0.041202261666666677165 0.040849986666666678048 0.040497711666666671992 0.040145436666666665937 0.039530894083333337208 0.03891635150000000154 0.037788345000000000962 0.037417198111111112102 0.037046051222222223243 0.036674904333333334383 0.036504580250000001618 0.036432814916666667049 0.03636104958333333248 0.036289284249999997911
-9999 -9999 -9999 -9999 0.046289500000000080582 0.062735124249999996149 0.064417699722222221403 0.066100275194444446658 0.067782850666666671913 0.068288914333333339268 0.068794977999999992746 0.065937894666666663213 0.064817242958333326497 0.063696591250000003659 0.062508926166666672897 0.061321261083333328257 0.060133595999999997495 0.058527943666666665257 0.056922291333333339958 0.055375431833333335629 0.053828572333333331301 0.051533791916666668587 0.049239011499999998933 0.046653672000000000197 0.045758865444444449255 0.044864058888888891374 0.043969252333333340432 0.042536395000000004618 0.042080742666666670626 0.041625090333333336634 0.041169438000000002642 0.040419662499999994831 0.03966988699999999396 0.038212165666666665642 0.037874768666666669414 0.037537371666666666248 0.037199974666666663081 0.036798508666666666922 0.036693615888888891918 0.036588723111111116915 0.036483830333333334972
-9999 -9999 -9999 -9999 -9999 0.062918500000000071593 0.065220013666666659669 0.067521527333333331011 0.069823041000000002354 0.069573491833333334089 0.069323942666666679702 0.068153273500000000062 0.066832535916666657716 0.065511798333333329247 0.064271522111111104025 0.063031245888888892681 0.061790969666666667459 0.059785667166666667249 0.05778036466666666704 0.057043166958333335614 0.05630596924999999725 0.053913360791666670169 0.051520752333333336148 0.048083275666666668025 0.047236881944444447656 0.046390488222222220349 0.045544094499999999981 0.044152798333333333203 0.043592034805555554544 0.043031271277777782824 0.042470507749999997227 0.041500009541666667279 0.040529511333333337331 0.039069099750000002569 0.038707629916666673464 0.038346160083333337421 0.037984690250000001377 0.037246644000000002361 0.037121931083333337131 0.036997218166666671901 0.036872505249999999732
-9999 -9999 -9999 -9999 -9999 -9999 -9999 0.066923750000000004068 0.070670999999999997709 0.070660987000000008429 0.070650974000000005271 0.06935857966666666985 0.068678452333333334101 0.067998324999999998353 0.066462229666666663985 0.064926134333333343496 0.063390039000000009128 0.061257277666666665183 0.059124516333333328177 0.058742914833333326197 0.058361313333333331155 0.056237827416666663627 0.054114341499999996099 0.049993542750000001529 0.049151161277777778713 0.048308779805555548958 0.047466398333333333082 0.045720705000000000373 0.045137489666666669175 0.044554274333333337976 0.043971058999999999839 0.042830151375000000136 0.041689243750000007371 0.040065786999999998541 0.039633644777777782275 0.039201502555555552132 0.038769360333333328927 0.037896012999999999227 0.037698660777777774633 0.037501308555555556978 0.037303956333333332385
-9999 -9999 -9999 -9999 -9999 -9999 -9999 -9999 0.067181749999999998413 0.070929000000000005932 0.071749099999999996213 0.070522129666666669157 0.070431328458333331 0.070340527249999992843 0.068770265666666663407 0.067200004083333333971 0.065629742500000004535 0.063119167125000000262 0.06060859174999999599 0.060574559875000003051 0.060540528000000003173 0.058248909333333334648 0.055957290666666666124 0.052370445333333341675 0.05135715588888890154 0.050343866444444454467 0.049330577000000007393 0.04788122674999999856 0.047175994583333338839 0.046470762416666672179 0.045765530250000005519 0.044363574124999999304 0.042961618000000000028 0.0412432097500000025 0.040713461500000006077 0.040183713250000002715 0.039653965000000006291 0.038556903666666662855 0.03831957944444444597 0.038082255222222222146 0.037844930999999998322
-9999 -9999 -9999 -9999 -9999 -9999 -9999 -9999 -9999 -9999 0.071187000000000000277 0.071371700000000010133 0.072069640000000004254 0.072767579999999998375 0.071179108666666657257 0.069590637333333330017 0.068002165999999988899 0.064691170833333325185 0.06138017566666666841 0.062216043458333342153 0.063051911250000008957 0.059904061125000004906 0.056756211000000000855 0.054223090333333334723 0.053213497138888884996 0.052203903944444449148 0.051194310749999999421 0.050152588999999997421 0.049300364555555559187 0.048448140111111120953 0.047595915666666675781 0.045982304208333338313 0.044368692750000007785 0.042437558999999992759 0.041902622583333326567 0.041367686166666667313 0.040832749750000001121 0.039597510750000002033 0.039304783000000002857 0.039012055249999996742 0.038719327499999997566
-9999 -9999 -9999 -9999 -9999 -9999 -9999 -9999 -9999 -9999 -9999 0.0714450000000000085 0.073155135874999999146 0.074865271749999989792 0.073116746166666662932 0.071368220583333336071 0.069619694999999995333 0.066222557000000001337 0.062825419000000007341 0.064260782500000002138 0.065696146000000010812 0.062024648875000004677 0.058353151749999998543 0.055327763500000001762 0.05467883722222222076 0.054029910944444453635 0.053380984666666665694 0.05162035533333333287 0.050843537472222213869 0.050066719611111108745 0.049289901749999996683 0.047754360541666665552 0.046218819333333327481 0.043580365666666669167 0.042994510444444446196 0.042408655222222216286 0.041822799999999993315 0.040883745333333332272 0.040539633777777778212 0.040195522222222224151 0.039851410666666670091
-9999 -9999 -9999 -9999 -9999 -9999 -9999 -9999 -9999 -9999 -9999 -9999 -9999 0.075449000000000002175 0.073981051083333332352 0.072513102166666676407 0.071045153250000006584 0.068152486875000001243 0.065259820499999995902 0.067202657249999991906 0.069145494000000001789 0.064531974666666672147 0.059918455333333335566 0.056672297666666669735 0.05609627886111111239 0.055520260055555561984 0.054944241250000004639 0.053165866249999998994 0.052339503055555555711 0.051513139861111112427 0.050686776666666662206 0.049357718833333327768 0.048028660999999993331 0.045120579250000000804 0.04444371666666667442 0.043766854083333334158 0.043089991500000000835 0.04185965433333333624 0.041515567444444442802 0.041171480555555556302 0.040827393666666662864
-9999 -9999 -9999 -9999 -9999 -9999 -9999 -9999 -9999 -9999 -9999 -9999 -9999 -9999 -9999 0.07550120000000000442 0.071313500000000001888 0.069432205500000010456 0.067550911000000005147 0.070677618499999997348 0.073804325999999989549 0.067497869166666668583 0.06119141233333333374 0.058106067000000004297 0.057484120000000006601 0.056862173000000008904 0.056240226000000004269 0.054779106333333327239 0.053916019888888888634 0.053052933444444436151 0.052189846999999990607 0.051201831999999995737 0.050213817000000000867 0.04686042000000000679 0.046148166333333337508 0.045435912666666668225 0.044723658999999998942 0.043150957000000003672 0.042744878833333339874 0.042338800666666676076 0.041932722500000005339
-9999 -9999 -9999 -9999 -9999 -9999 -9999 -9999 -9999 -9999 -9999 -9999 -9999 -9999 -9999 -9999 0.072132749999999995483 0.075553400000000006664 0.068204533333333330902 0.072747064000000000172 0.077289594666666669442 0.070555913583333323968 0.063822232499999992372 0.059568587749999998837 0.058830893055555555371 0.058093198361111111905 0.0573555036666666615 0.056109531333333330372 0.055301921805555556699 0.054494312277777783027 0.053686702750000002415 0.052958333708333339696 0.052229964666666676976 0.048850744666666667815 0.047989152111111113563 0.047127559555555559312 0.046265966999999998122 0.044746890666666670755 0.044223040555555558073 0.04369919044444445233 0.04317534033333333271
