examples/shallow_reservoirs_case/rasters/diamond_exp_005_norm_linear.asc
ncols        120
nrows        80
xllcorner    0.000000000000
yllcorner    -0.000391944000
cellsize     0.050000000000
NODATA_value  -9999
[rows 36 to 53 of 80, columns 41 to 81 of 120]
0.039833333333333331705 0.040666666666666663466 0.040333333333333332149 0.040000000000000000833 0.040000000000000000833 0.039333333333333331261 0.038666666666666661689 0.038666666666666661689 0.038666666666666668628 0.038666666666666661689 0.038166666666666661245 0.037666666666666660801 0.038499999999999992562 0.039333333333333331261 0.038666666666666661689 0.038333333333333330373 0.037999999999999999056 0.038333333333333337312 0.038666666666666668628 0.038999999999999999944 0.038999999999999999944 0.038999999999999999944 0.038999999999999999944 0.038999999999999999944 0.040533333333333337878 0.040266666666666672825 0.040000000000000000833 0.040222222222222228649 0.040444444444444442588 0.040666666666666663466 0.040666666666666663466 0.040666666666666663466 0.041083333333333332815 0.041500000000000002165 0.042500000000000003053 0.043583333333333335036 0.044666666666666667018 0.04533333333333333659 0.046000000000000006162 0.046666666666666668795 0.047333333333333338366
0.041499999999999995226 0.041666666666666664354 0.040833333333333332593 0.040000000000000000833 0.041666666666666664354 0.040166666666666663021 0.038666666666666661689 0.038777777777777779067 0.038888888888888889506 0.038999999999999999944 0.038374999999999999389 0.037749999999999998834 0.038208333333333330262 0.038666666666666661689 0.037666666666666660801 0.037833333333333329929 0.037999999999999999056 0.038166666666666668184 0.038333333333333330373 0.0384999999999999995 0.039083333333333331039 0.039666666666666662577 0.039333333333333331261 0.038999999999999999944 0.040433333333333328075 0.039966666666666664232 0.039500000000000000389 0.039888888888888890394 0.04027777777777777346 0.040666666666666663466 0.040666666666666663466 0.040666666666666663466 0.040833333333333332593 0.041000000000000001721 0.042666666666666665242 0.04366666666666666613 0.044666666666666667018 0.04533333333333333659 0.045999999999999999223 0.046666666666666668795 0.046666666666666668795
0.041000000000000001721 0.040750000000000001499 0.040625000000000001388 0.040500000000000001277 0.040000000000000000833 0.039750000000000000611 0.039500000000000000389 0.039166666666666669072 0.038833333333333330817 0.0384999999999999995 0.038083333333333330151 0.037666666666666660801 0.037708333333333329818 0.037749999999999998834 0.037999999999999999056 0.037749999999999998834 0.037499999999999998612 0.037111111111111108607 0.036722222222222218602 0.036333333333333328596 0.037916666666666667962 0.039500000000000000389 0.039500000000000000389 0.039500000000000000389 0.039750000000000000611 0.039541666666666669405 0.039333333333333331261 0.039722222222222221266 0.040111111111111111271 0.040500000000000001277 0.040125000000000000944 0.039750000000000000611 0.040125000000000000944 0.040500000000000001277 0.042749999999999996336 0.043624999999999997113 0.044499999999999997891 0.04491666666666666724 0.04533333333333333659 0.045749999999999999001 0.047000000000000000111
0.040499999999999994338 0.040666666666666663466 0.040166666666666663021 0.039666666666666662577 0.039666666666666662577 0.03949999999999999345 0.039333333333333331261 0.038999999999999999944 0.038666666666666668628 0.038333333333333330373 0.038416666666666668406 0.0384999999999999995 0.038083333333333330151 0.037666666666666660801 0.038333333333333330373 0.03766666666666666774 0.036999999999999998168 0.036888888888888887729 0.036777777777777770352 0.036666666666666659913 0.037499999999999991673 0.038333333333333330373 0.038499999999999992562 0.038666666666666661689 0.038333333333333330373 0.038291666666666668295 0.038249999999999999278 0.038944444444444448195 0.039638888888888890172 0.040333333333333332149 0.039833333333333331705 0.039333333333333331261 0.039999999999999993894 0.040666666666666663466 0.041666666666666664354 0.042666666666666665242 0.04366666666666666613 0.044222222222222225263 0.044777777777777777457 0.04533333333333333659 0.047666666666666669683
0.040999999999999994782 0.040666666666666663466 0.040666666666666663466 0.040666666666666663466 0.039666666666666662577 0.039166666666666662133 0.038666666666666661689 0.038444444444444440812 0.038222222222222226873 0.037999999999999999056 0.038333333333333330373 0.038666666666666661689 0.038333333333333330373 0.037999999999999999056 0.038333333333333330373 0.037833333333333329929 0.037333333333333329485 0.037444444444444439923 0.037555555555555550362 0.037666666666666660801 0.037666666666666660801 0.037666666666666660801 0.038666666666666661689 0.039666666666666662577 0.037666666666666660801 0.037833333333333329929 0.037999999999999999056 0.038666666666666668628 0.0393333333333333382 0.040000000000000000833 0.039833333333333331705 0.039666666666666662577 0.040166666666666663021 0.040666666666666663466 0.041666666666666664354 0.043166666666666665686 0.044666666666666667018 0.045222222222222226151 0.045777777777777785284 0.046333333333333337478 0.048333333333333339255
0.040000000000000000833 0.040250000000000001055 0.040375000000000001166 0.040500000000000001277 0.039750000000000000611 0.039375000000000000278 0.038999999999999999944 0.038749999999999999722 0.0384999999999999995 0.038249999999999999278 0.038458333333333330484 0.038666666666666661689 0.038583333333333330595 0.0384999999999999995 0.037749999999999998834 0.037624999999999998723 0.037499999999999998612 0.037555555555555550362 0.037611111111111109051 0.037666666666666660801 0.03795833333333333004 0.038249999999999999278 0.0384999999999999995 0.038749999999999999722 0.0384999999999999995 0.038416666666666668406 0.038333333333333330373 0.038805555555555558411 0.039277777777777779511 0.039750000000000000611 0.039875000000000000722 0.040000000000000000833 0.040500000000000001277 0.041000000000000001721 0.042250000000000002831 0.043499999999999997002 0.044749999999999998113 0.044891666666666663055 0.045033333333333327997 0.045174999999999992939 0.047750000000000000777
0.040333333333333332149 0.040333333333333332149 0.040666666666666670404 0.041000000000000001721 0.038999999999999999944 0.038833333333333330817 0.038666666666666661689 0.038777777777777772128 0.038888888888888889506 0.038999999999999999944 0.039375000000000000278 0.039750000000000000611 0.03920833333333333115 0.038666666666666661689 0.038333333333333330373 0.038333333333333330373 0.038333333333333330373 0.038472222222222220156 0.038611111111111109939 0.038749999999999999722 0.03920833333333333115 0.039666666666666662577 0.038666666666666661689 0.037666666666666660801 0.038666666666666661689 0.038458333333333330484 0.038249999999999999278 0.038722222222222220378 0.039194444444444441478 0.039666666666666662577 0.040166666666666663021 0.040666666666666663466 0.040999999999999994782 0.041333333333333333037 0.043333333333333334814 0.043833333333333335258 0.044333333333333335702 0.044811111111111114058 0.045288888888888892414 0.045766666666666670771 0.048333333333333339255
0.039833333333333331705 0.039666666666666662577 0.039583333333333331483 0.039500000000000000389 0.0384999999999999995 0.038749999999999999722 0.038999999999999999944 0.039222222222222220822 0.0394444444444444417 0.039666666666666662577 0.039666666666666662577 0.039666666666666662577 0.039333333333333331261 0.038999999999999999944 0.037333333333333329485 0.03766666666666666774 0.037999999999999999056 0.038111111111111109495 0.038222222222222219934 0.038333333333333330373 0.038333333333333330373 0.038333333333333330373 0.038166666666666668184 0.037999999999999999056 0.038666666666666661689 0.038666666666666661689 0.038666666666666661689 0.038999999999999999944 0.039333333333333331261 0.039666666666666662577 0.040166666666666663021 0.040666666666666663466 0.041333333333333333037 0.042000000000000002609 0.043499999999999997002 0.044583333333333335924 0.045666666666666667906 0.046111111111111116601 0.046555555555555558356 0.04700000000000000705 0.048666666666666670571
0.0396250000000000005 0.038999999999999999944 0.038999999999999999944 0.038999999999999999944 0.038666666666666661689 0.03920833333333333115 0.039750000000000000611 0.039500000000000000389 0.039250000000000000167 0.038999999999999999944 0.039500000000000000389 0.040000000000000000833 0.039375000000000000278 0.038749999999999999722 0.0384999999999999995 0.038124999999999999167 0.037749999999999998834 0.03772222222222221949 0.037694444444444440145 0.037666666666666660801 0.037708333333333329818 0.037749999999999998834 0.037749999999999998834 0.037749999999999998834 0.038749999999999999722 0.038874999999999999833 0.038999999999999999944 0.039250000000000000167 0.039500000000000000389 0.039750000000000000611 0.040250000000000001055 0.040750000000000001499 0.04170833333333333337 0.042666666666666665242 0.044333333333333335702 0.045791666666666668017 0.047250000000000000333 0.047583333333333338588 0.047916666666666669905 0.048250000000000001221 0.047750000000000000777
0.040166666666666663021 0.039666666666666662577 0.039833333333333331705 0.040000000000000000833 0.038666666666666661689 0.038833333333333330817 0.038999999999999999944 0.039111111111111110383 0.039222222222222220822 0.039333333333333331261 0.039541666666666669405 0.039750000000000000611 0.039541666666666669405 0.039333333333333331261 0.040000000000000000833 0.039666666666666669516 0.039333333333333331261 0.038888888888888889506 0.03844444444444444775 0.037999999999999999056 0.037999999999999999056 0.037999999999999999056 0.037833333333333329929 0.037666666666666660801 0.038666666666666661689 0.03920833333333333115 0.039750000000000000611 0.040055555555555552583 0.040361111111111111494 0.040666666666666663466 0.040833333333333332593 0.041000000000000001721 0.042166666666666671737 0.043333333333333334814 0.044333333333333335702 0.046166666666666675289 0.048000000000000007938 0.047555555555555559244 0.047111111111111117489 0.046666666666666668795 0.047666666666666669683
0.040083333333333331927 0.039666666666666662577 0.038833333333333330817 0.037999999999999999056 0.038749999999999999722 0.0396250000000000005 0.040500000000000001277 0.04022222222222222171 0.039944444444444442144 0.039666666666666662577 0.038999999999999993006 0.038333333333333330373 0.038499999999999992562 0.038666666666666661689 0.040000000000000000833 0.039333333333333331261 0.038666666666666661689 0.038666666666666668628 0.038666666666666661689 0.038666666666666661689 0.038333333333333330373 0.037999999999999999056 0.037999999999999999056 0.037999999999999999056 0.038333333333333330373 0.039333333333333331261 0.040333333333333332149 0.040333333333333332149 0.040333333333333332149 0.040333333333333332149 0.04129166666666667096 0.042250000000000002831 0.04324999999999999678 0.044249999999999997669 0.045249999999999998557 0.046624999999999999778 0.048000000000000007938 0.047583333333333338588 0.047166666666666669239 0.046749999999999999889 0.047250000000000000333
0.040208333333333332038 0.039750000000000000611 0.039041666666666668961 0.038333333333333330373 0.038999999999999999944 0.039666666666666669516 0.040333333333333332149 0.039972222222222221488 0.039611111111111110827 0.039250000000000000167 0.038958333333333330928 0.038666666666666661689 0.038583333333333330595 0.0384999999999999995 0.040000000000000000833 0.039500000000000000389 0.038999999999999999944 0.038749999999999999722 0.0384999999999999995 0.038249999999999999278 0.038249999999999999278 0.038249999999999999278 0.038374999999999999389 0.0384999999999999995 0.040000000000000000833 0.040333333333333332149 0.040666666666666663466 0.040694444444444449749 0.040722222222222222154 0.040750000000000001499 0.042041666666666671626 0.043333333333333334814 0.043999999999999997446 0.044666666666666667018 0.046333333333333337478 0.046916666666666669017 0.047500000000000000555 0.047222222222222220989 0.046944444444444441422 0.046666666666666668795 0.047666666666666669683
0.039833333333333331705 0.038999999999999999944 0.039125000000000000056 0.039250000000000000167 0.038666666666666661689 0.039666666666666662577 0.040666666666666663466 0.040444444444444442588 0.040222222222222228649 0.040000000000000000833 0.039125000000000000056 0.038249999999999999278 0.038624999999999999611 0.038999999999999999944 0.038333333333333330373 0.038666666666666668628 0.038999999999999999944 0.038444444444444440812 0.037888888888888888618 0.037333333333333329485 0.038166666666666668184 0.038999999999999999944 0.038999999999999999944 0.038999999999999999944 0.040666666666666663466 0.040833333333333332593 0.041000000000000001721 0.041222222222222222598 0.041444444444444450415 0.041666666666666664354 0.042666666666666665242 0.04366666666666666613 0.044833333333333336146 0.046000000000000006162 0.047500000000000000555 0.047583333333333338588 0.047666666666666669683 0.047444444444444455744 0.047222222222222234866 0.04700000000000000705 0.047666666666666669683
0.040625000000000001388 0.040750000000000001499 0.039708333333333331594 0.038666666666666661689 0.037999999999999999056 0.039375000000000000278 0.040750000000000001499 0.040388888888888890838 0.040027777777777773238 0.039666666666666662577 0.039666666666666662577 0.039666666666666662577 0.039333333333333331261 0.038999999999999999944 0.038333333333333330373 0.038333333333333330373 0.038333333333333330373 0.03844444444444444775 0.03855555555555555125 0.038666666666666661689 0.038999999999999993006 0.039333333333333331261 0.03949999999999999345 0.039666666666666662577 0.040500000000000001277 0.041250000000000001943 0.042000000000000002609 0.042222222222222223487 0.042444444444444444364 0.042666666666666665242 0.043583333333333335036 0.044499999999999997891 0.045499999999999998779 0.046499999999999999667 0.05030000000000000443 0.049524999999999999578 0.048750000000000001665 0.04825000000000000816 0.047750000000000000777 0.047250000000000000333 0.047750000000000000777
0.041499999999999995226 0.041333333333333333037 0.040041666666666669849 0.038749999999999999722 0.038666666666666661689 0.03949999999999999345 0.040333333333333332149 0.040138888888888890616 0.039944444444444449083 0.039750000000000000611 0.039708333333333331594 0.039666666666666662577 0.039833333333333331705 0.040000000000000000833 0.038999999999999999944 0.039250000000000000167 0.039500000000000000389 0.039111111111111110383 0.038722222222222227317 0.038333333333333330373 0.03891666666666666885 0.039500000000000000389 0.039875000000000000722 0.040250000000000001055 0.041666666666666664354 0.042333333333333333925 0.043000000000000003497 0.043166666666666672625 0.043333333333333334814 0.043499999999999997002 0.044583333333333335924 0.045666666666666667906 0.046666666666666668795 0.047666666666666669683 0.051074999999999995404 0.049704166666666667329 0.048333333333333339255 0.048000000000000000999 0.047666666666666676622 0.047333333333333338366 0.048000000000000007938
0.042666666666666672181 0.042333333333333333925 0.040666666666666670404 0.038999999999999999944 0.040500000000000001277 0.040416666666666670182 0.040333333333333332149 0.040444444444444442588 0.040555555555555553027 0.040666666666666663466 0.040333333333333332149 0.040000000000000000833 0.040000000000000000833 0.040000000000000000833 0.040000000000000000833 0.040000000000000000833 0.040000000000000000833 0.03975000000000000755 0.039500000000000000389 0.039250000000000000167 0.0396250000000000005 0.040000000000000000833 0.04016666666666666996 0.040333333333333332149 0.042333333333333333925 0.042666666666666665242 0.042999999999999996558 0.043222222222222217436 0.043444444444444445252 0.04366666666666666613 0.045166666666666667462 0.046666666666666668795 0.047208333333333338255 0.047750000000000000777 0.054100000000000002254 0.051383333333333336412 0.048666666666666670571 0.048333333333333339255 0.048000000000000007938 0.047666666666666669683 0.049333333333333340143
0.043374999999999996891 0.04324999999999999678 0.041958333333333333592 0.040666666666666663466 0.040666666666666663466 0.040708333333333332482 0.040750000000000001499 0.040722222222222222154 0.040694444444444449749 0.040666666666666663466 0.040166666666666663021 0.039666666666666662577 0.040083333333333331927 0.040500000000000001277 0.040500000000000001277 0.040416666666666670182 0.040333333333333332149 0.040333333333333332149 0.040333333333333332149 0.040333333333333332149 0.040833333333333332593 0.041333333333333333037 0.041416666666666671071 0.041500000000000002165 0.043000000000000003497 0.043333333333333334814 0.04366666666666666613 0.043666666666666673069 0.04366666666666666613 0.04366666666666666613 0.045083333333333336368 0.046499999999999999667 0.047583333333333338588 0.048666666666666670571 0.053033333333333328163 0.051391666666666668828 0.049750000000000002554 0.049416666666666664298 0.049083333333333339921 0.048750000000000001665 0.048750000000000001665
0.043666666666666673069 0.043000000000000003497 0.042500000000000003053 0.042000000000000002609 0.041333333333333333037 0.040999999999999994782 0.040666666666666663466 0.040611111111111111716 0.040555555555555553027 0.040500000000000001277 0.040583333333333332371 0.040666666666666663466 0.040999999999999994782 0.041333333333333333037 0.041000000000000001721 0.041250000000000001943 0.041500000000000002165 0.041333333333333333037 0.041166666666666670849 0.041000000000000001721 0.041250000000000001943 0.041500000000000002165 0.041916666666666671515 0.042333333333333333925 0.044333333333333335702 0.045166666666666674401 0.046000000000000006162 0.045916666666666668128 0.045833333333333337034 0.045749999999999999001 0.047375000000000000444 0.049000000000000008826 0.048833333333333339699 0.048666666666666670571 0.051625000000000004219 0.050479166666666672181 0.049333333333333340143 0.048955555555555564651 0.04857777777777778222 0.048199999999999999789 0.049666666666666671459
