examples/shallow_reservoirs_case/rasters/diamond_experiment_01_random.asc
ncols        60
nrows        40
xllcorner    0.000000000000
yllcorner    -0.000391944000
cellsize     0.100000000000
NODATA_value  -9999
[rows 17 to 33 of 40, columns 0 to 37 of 60]
0.029729764031278065745 0.014325486823414824294 0.048824695335008778951 0.031747326081303567369 0.023432288634227527169 0.049204806833685145462 0.026226211328734958667 0.018599309221579003043 0.020590986693460544554 0.0081026709420526157879 0.040694731779394373306 0.025315563598649601373 0.019256081773493839704 0.04791718513111555694 0.057157749478991562442 0.061111007148306376036 0.050565705394414177387 0.016177257909560968652 0.015473576557458894321 0.051947048511067239751 0.029130150565126758377 0.028025688676575406799 0.024883045108052892491 0.064983461545806503468 0.043466493815040516124 0.061043038367425875301 0.043088210696913660513 0.02538658609206265182 0.031584744567619102429 0.064715621993255756372 0.054386007791721917293 0.023810365900142287099 0.02962281618086513163 0.031159605815254586003 0.057138280849073956602 0.029593472992467798055 0.045984348756890371102 0.071422251304999850863
0.052790071966560686567 0.055688684401338214847 0.020314172108855711035 0.049230699165532770811 0.051244867169440579124 0.05254543877061339241 0.049864408884772247477 0.055450838838814735243 0.040013105024552644839 0.012026221478586878594 0.016048631808935526905 0.047908533724637825113 0.02808322639242308294 0.057568551069768589268 0.038135118655280950128 0.050910500103336787936 0.072082287541168160727 0.048838887152294993554 0.060593379942332624422 0.030319457049434683088 0.023267863807654713681 0.013498048170945353696 0.015095263310806846663 0.025724348823353657134 0.012986821195704323362 0.050204999580869956455 0.040410133479217347219 0.0096818544167680993529 0.014031137453910987739 0.061426862971108803224 0.015961240770284317037 0.028780168121389483604 0.010783811289187067439 0.023741650369982481711 0.015364428774256397997 0.048110251014438824846 0.07265352952308457013 0.011790825936834541804
0.049971801523553294189 0.055949948257747073033 0.021870831453943237466 0.048914680612074393218 0.036972676124615355686 0.062693360818898785647 0.066311693937115043229 0.019709921316107575917 0.071843100933887710235 0.053917549404947091862 0.01383024402677589422 0.068958722875486738735 0.053564654279895665412 0.015633302497798141212 0.059509947243774931336 0.015083194358735858148 0.01538011016969608076 0.037845062471731846787 0.022342414409621400712 0.058846116698675642043 0.030465151689915002942 0.016572747584776222757 0.039301786318770598472 0.034378870237689249101 0.027084886703814734649 0.0096216288074425122823 0.041107373808745510668 0.024436542044591540862 0.067572475829825118243 0.027892557238847991846 0.010925844398201715185 0.04305203484213308146 0.015784206611730858955 0.013628126528213282964 0.019961067623705142093 0.034278354234798552591 0.010982516138395084782 0.025581409201539385273
0.060521916012551899011 0.047144541310048374005 0.071574551382025730639 0.010541075644800274383 0.019074341569890837511 0.051777205974732523619 0.036502854777641854933 0.01888841090703062553 0.069134926796583839881 0.053962134244048241827 0.046323728906142058737 0.023142843854297059925 0.04971680760733144383 0.010486096006525121027 0.036086402496716074584 0.014999920533668293504 0.041312308035719953747 0.048799920958663721426 0.071899730066941835993 0.036038036216238064635 0.020128844398554286699 0.040239884683433348178 0.063528530835368218765 0.071498809968663923353 0.063384068044923858043 0.04868912882974518741 0.053615245729895517901 0.018322218604597883401 0.056705939994888959754 0.032935803993103723863 0.047860899599900218193 0.016098700334005726365 0.060035726194072068507 0.022110728311512374555 0.031913719747031540908 0.020002364798708666821 0.028972000940287317983 0.017398778700297379274
0.072845881345787844019 0.047083556922926678157 0.040142893171033713906 0.050582136993788578971 0.026984065602468788186 0.062985797383714792197 0.040456438253458702758 0.060983753252116017218 0.032035876882052435888 0.022623209797221169315 0.024284721936395713138 0.047912552952246785509 0.027685381471997325131 0.047615536947605660578 0.042154998499896678688 0.031209736125760195735 0.023207874412413273535 0.012542178855644466051 0.06247137961040664933 0.055800639249114089568 0.031818439016931918117 0.02688712684112228718 0.044790443713389409275 0.018016708609948431374 0.055480563787248617091 0.051670190648172804881 0.0094900286788814104677 0.041475213310532020594 0.032267159161373147602 0.024299508510343289375 0.038978245656037607825 0.016014672942037313369 0.046828534145020771218 0.025141882260446706682 0.05904468690529971614 0.053455145668912219803 0.044157931503701813858 0.048864774299720650785
0.018871906265360588462 0.0617995047300463618 0.024350694063614578 0.022499769317420814652 0.024402177800575242106 0.047841761011512579094 0.013087270018102867969 0.033151888102903870337 0.0090983744457894515784 0.046253168918061283998 0.021737308944551711476 0.025743763155326608583 0.020124742011261402552 0.038213733869045626856 0.043539322159946186597 0.020348543113751907385 0.019263179674960387994 0.052878540418221382791 0.070424321481498006192 0.014974020088164761294 0.017132290245809353446 0.065238406863552450554 0.06812099922496864246 0.05825564849806449258 0.039746076936072308183 0.017955914580020604365 0.028630611186223221126 0.058613795594728283767 0.055433870094076159729 0.066178439323243312686 0.025750895792822456332 0.024256780567700222256 0.029621556901161940484 0.041385180328489763746 0.070708793450895812693 0.048673696412320166527 0.026508704608161359068 0.03920851814260421786
0.037330584549481543588 0.050139930127866168263 0.039973554902944311018 0.02226024844166043723 0.018804708140157500029 0.05365402858870592373 0.033866195098004835129 0.049807596806006278201 0.03387745122889301852 0.045432535714914366876 0.054497557642080758644 0.055698675203087612273 0.071446259337396400557 0.023930997591820071108 0.068446467624163842558 0.04915684178033918883 0.028777321157678545371 0.072681497633575536943 0.061131645763520307824 0.030942251476464236598 0.040812919516549500676 0.022303455190310062656 0.012588138089855711865 0.062999130839311759389 0.050804915488871602025 0.057413853793346916743 0.036783366029300740285 0.043718443154703891251 0.0098715020451163801307 0.072212483144653422107 0.031114577198689409576 0.051701041339718263601 0.048251990167961916756 0.048286816951684088939 0.045382480807617968377 0.061069818356706634388 0.060869125787840781816 0.0091157574030404069781
0.030891890310296672012 0.010884304879571054039 0.070202304900699036283 0.041909101718374593137 0.070009782447404633743 0.060767955196264926421 0.028193017458761272798 0.065940865518794578026 0.013928180723752211015 0.058709714376629855426 0.055573999291256594157 0.014866736066656857304 0.057720905787902211659 0.03798300864759888984 0.0086771011085452470074 0.03166485928782315773 0.034895502773089955018 0.071471863827030635008 0.011894259736601407382 0.053221498839486340582 0.071466464610201091423 0.06750308607597120536 0.020414284059567872759 0.015774637129372222344 0.011019763418864183049 0.061935854166138643029 0.0086600984943412777362 0.020110033209255747527 0.029856672679143707316 0.048568764961659141588 0.010210141539013001602 0.030437708758834794431 0.069320846509219199993 0.026959312908388786967 0.062155463380183108291 0.037620779515259016035 0.063014205655872651546 0.061056605156094533038
0.066137296290485619865 0.048497772408183384418 0.059735624227606053116 0.059080658424754579905 0.036778777843925969382 0.046676046001102491911 0.03151331430656684196 0.057728367263992996783 0.029853525136949346508 0.01393700664305303101 0.02149211207061954565 0.053245276109141252696 0.061548458857110632803 0.042244299418046325767 0.036995304496698709629 0.05882028170088895308 0.014831238077314604432 0.029581450574117741648 0.055716707206530248497 0.06044258338956468718 0.044107804727263895395 0.016699633736654034832 0.019939918263213535221 0.066053971664107286044 0.032153650198481542599 0.027184572233386005563 0.036510652714381981732 0.072963714640771587527 0.029415632895338408165 0.051663300465518618987 0.069129551627205146347 0.055446190382226992477 0.056139763722343666297 0.041955398269467369943 0.028936399665100847461 0.035664400714180879981 0.028069278413720474136 0.058352530693506689252
0.010682530358539889595 0.026905587574904028803 0.026135338195472684192 0.06414713126041367286 0.066895989980176012724 0.01777179529750885778 0.018753592781955066154 0.016770442711616866116 0.067926991572944905862 0.054547884475052529907 0.010294360202904242682 0.057968038205399786966 0.062237903532618071845 0.034757783593188984472 0.0083234350609114899494 0.018503952082045457828 0.038774880413760912101 0.072296385310981259309 0.04525843973799855563 0.014415542146999776874 0.028117062232334458921 0.06580449731341854458 0.030747448049926219549 0.068039425784397145058 0.011741180883234345403 0.057667422917226644763 0.04976174497196377694 0.035680383767260251404 0.072135764267764523883 0.018622885604835381912 0.053218071202309487344 0.068918483007404496288 0.061596373062213001515 0.012782477668551232158 0.059092612752170398105 0.045922642026730721432 0.03607861047736647675 0.024307362319550253338
0.048609475583787802033 0.041161530366918046286 0.044630432582206509828 0.053633399156058789159 0.018287182804387153157 0.012101506929951984931 0.0097759956474848322405 0.02418579302988715235 0.048854981839610615857 0.028761358130212789225 0.044611295574275670883 0.0096532427453049143851 0.038874616878961272548 0.041230012175315140788 0.056010824063494675518 0.014219577374851768287 0.055809692959649222221 0.029152717944596479027 0.039960133777580446324 0.012548337552886708324 0.06395440691464891747 0.031820021812707946496 0.040567308427647053026 0.039876454392490788547 0.012574373354067028968 0.045530239865468377647 0.027519761014641656166 0.051667470457702764641 0.03886244028354353397 0.012488933345258142193 0.022936626093800420445 0.044602295348548266773 0.066295608558328916748 0.057738238663559524055 0.026483510151573887159 0.0090623738161028175725 0.038675669010473076592 0.012799987015681038582
0.026488631207875982382 0.027917310687271372494 0.057293607300647440839 0.019894914976425613629 0.016803974817830087674 0.067911390955688044624 0.066134762022100362922 0.045220869261500540315 0.01528281413606254191 0.022013886667440162037 0.039683425389951725026 0.069113934524670822546 0.038212636671490773921 0.039657120472182019744 0.069633093470427953608 0.051440316904395981534 0.024577987202141115403 0.048349372298446449681 0.068403801237991501694 0.068501973909981889177 0.053368142280307034886 0.072730122328080987204 0.044863415281055994688 0.044307438580883609647 0.060715205665609735253 0.066825329197395519354 0.013511453598765071904 0.019473570205879437572 0.039688990247401308153 0.017791439994639515754 0.024195385759391146996 0.015852538277242929354 0.034333494985058998772 0.023031047362741464274 0.025850351665945004581 0.04297326294169857841 0.056849806008485499753 0.067245124352682580926
0.0089053101114171025893 0.062541648635134450274 0.065658162376265372107 0.041340543276990486532 0.013348717330125610403 0.013718001394465630799 0.050152355256819977636 0.061240152282537582695 0.031832800373765748891 0.054594666833665525529 0.063569796319008414764 0.02534799831418079602 0.065851157485671968361 0.070653227293650811003 0.048691579934215654946 0.065210243305048015694 0.015372808859967748013 0.043288837186016983216 0.062969568902341760408 0.0667418522461818986 0.069801814902234943228 0.057799561537084598317 0.028636685074610909729 0.012546681593054149692 0.014798529146771041004 0.014166299535477747465 0.039762113585154759687 0.054318723125657580875 0.057395663748359554424 0.030141497197825595916 0.041837676183015586051 0.058777585434492449212 0.015234303194867106213 0.038668230720928953303 0.02275165539467848691 0.070109199597217189415 0.058500071673579928655 0.069083831431588652028
0.041849894748862227767 0.024175470449872702577 0.017456050474378287385 0.059154857162771613821 0.0699085217796100028 0.070244161526509862892 0.03013516435794748663 0.057839735467992030304 0.057719675127125384673 0.011386694951017245145 0.01101247058343297891 0.014148241818127703373 0.038575062826974100549 0.043933341361046200635 0.047773818501551108817 0.028384339478038620591 0.023625469281847381875 0.017612903671498814084 0.057694497275727341101 0.051518906684955199926 0.023597239229895608514 0.063399858439859263504 0.023657915740039125313 0.052918664578369162266 0.023910388937182454339 0.034887447977888966233 0.024464424010201997473 0.067686841713738024606 0.0403758141950734048 0.034443876196805160717 0.0094736424249499892603 0.038258069363805484453 0.052370762489848655952 0.061389251988183950182 0.063845553949444633357 0.02484427040432803796 0.014267047296636038364 0.068730848818730691518
0.066322610478244725662 0.038653138507124124024 0.039323504690695121333 0.028814201284566513805 0.037331694199553150382 0.014228355444340558961 0.032704673222140899502 0.044529667408176168419 0.046229727729573448503 0.043863535312810272848 0.052549638563164045857 0.036903719003226628792 0.057004356837363247268 0.036961612275918986903 0.04698287103150453059 0.012163573904997958958 0.035041331865659566813 0.070456279271003202647 0.021459912062822231182 0.02835047942592139672 0.046668465640325097754 0.053384660854784354855 0.036184064674979178611 0.024817090557536492651 0.059627114524339865087 0.067013913465942376302 0.040728099512049448228 0.0099977404649189069441 0.048264096312297423419 0.03556026381287742677 0.019361328110763909027 0.057282260445500235435 0.053423161058656236377 0.026447996054732452603 0.009263996909679125466 0.016648595284216853585 0.039561395327760061347 0.049426085161185226435
0.072834287233525973893 0.052261527332901819287 0.045298780864990062511 0.039817784038542164415 0.040227959107060798361 0.040616241948893745672 0.0676545633214236386 0.071433128151031893838 0.0593711971177477843 0.027061320326369545791 0.066170743117935415523 0.071850802337667746267 0.047844912039954202998 0.014251676624827286713 0.053770249939166438191 0.05205192546538824766 0.034436627883203833889 0.015803421965536544602 0.053765752500824381954 0.047120742942330096081 0.069979283559344906962 0.029372396330986129398 0.039385070825817693196 0.055491938337955674931 0.0093412721699759407312 0.056644015710754377912 0.014738491317809042369 0.056970446720588333034 0.029927456317195479801 0.028729502749967068126 0.04867438883768025748 0.070389891934612258684 0.025083831091134319718 0.056584620521387081482 0.035626103767796409028 0.059886655653378216557 0.053852483207727792902 0.015056719903589173629
0.027424322691153923265 0.053887323471293081811 0.040552743964364854068 0.021698047354777469375 0.037009452613233170815 0.065273099016133900863 0.039301054322958654808 0.04379986355915586882 0.02548222232139072882 0.024784203141827297612 0.024953257924210537483 0.0097621382363206887778 0.040091158481095907906 0.07294337889359925331 0.018700016349147585704 0.050566299018992386105 0.038953265762213064305 0.034609809590067937279 0.017454270387889908589 0.05723564402577057536 0.025155731193439029303 0.065024627975085597109 0.030311420385576270942 0.068845802617215692831 0.013686739261385125199 0.013160856260041617002 0.033647185013266724118 0.070903369015009765075 0.071514252881617085267 0.03840567099760155978 0.027358571015210199351 0.061692410704890336681 0.0085353543108309688076 0.049787299085323741266 0.018453497443765239094 0.050654266969310551838 0.041319327650462964185 0.011386292380571462479
