examples/shallow_reservoirs_case/rasters/diamond_sim_005_norm_linear.asc
ncols        120
nrows        80
xllcorner    0.000000000000
yllcorner    -0.000391944000
cellsize     0.050000000000
NODATA_value  -9999
[rows 18 to 35 of 80, columns 0 to 40 of 120]
-9999 -9999 -9999 -9999 -9999 -9999 -9999 -9999 -9999 -9999 -9999 -9999 -9999 -9999 -9999 -9999 -9999 -9999 -9999 -9999 -9999 -9999 -9999 -9999 -9999 -9999 -9999 -9999 -9999 0.056064290555555548745 0.056758762000000004266 0.055811326875000004388 0.05486389175000000451 0.053698576750000004409 0.05316009316666667206 0.05262160958333333971 0.052083126000000000422 0.050614974000000000076 0.049949633999999999701 0.049284293999999992386 0.048618953999999998949
-9999 -9999 -9999 -9999 -9999 -9999 -9999 -9999 -9999 -9999 -9999 -9999 -9999 -9999 -9999 -9999 -9999 -9999 -9999 -9999 -9999 -9999 -9999 -9999 -9999 -9999 -9999 0.056043679999999998498 0.056042859416666673811 0.056042038833333335246 0.05604121825000000362 0.054766829458333332603 0.053492440666666668525 0.051987381666666665492 0.05154608177777778022 0.051104781888888894947 0.050663482000000002736 0.048844392500000000101 0.048266077000000004449 0.047687761500000001857 0.047109445999999999266
-9999 -9999 -9999 -9999 -9999 -9999 -9999 -9999 -9999 -9999 -9999 -9999 -9999 -9999 -9999 -9999 -9999 -9999 -9999 -9999 -9999 -9999 -9999 -9999 -9999 -9999 0.056338045666666662636 0.055588597666666662855 0.055350486777777777037 0.055112375888888891218 0.05487426499999999846 0.053593738666666668191 0.052313212333333337922 0.050881422500000002274 0.050347020916666672397 0.049812619333333335581 0.049278217750000005704 0.047630881000000006853 0.046886191222222234343 0.046141501444444454894 0.045396811666666668506
-9999 -9999 -9999 -9999 -9999 -9999 -9999 -9999 -9999 -9999 -9999 -9999 -9999 -9999 -9999 -9999 -9999 -9999 -9999 -9999 -9999 -9999 -9999 -9999 0.055799722857142852739 0.056632411333333333714 0.056993291333333327697 0.054602386666666669068 0.054391128861111109893 0.054179871055555564596 0.053968613250000005421 0.052525560250000005724 0.051082507249999999088 0.049983502000000006038 0.049260994777777789011 0.048538487555555565045 0.047815980333333341079 0.046296708333333332075 0.045520559777777774846 0.044744411222222224556 0.043968262666666667327
-9999 -9999 -9999 -9999 -9999 -9999 -9999 -9999 -9999 -9999 -9999 -9999 -9999 -9999 -9999 -9999 -9999 -9999 -9999 -9999 -9999 -9999 -9999 0.056565897000000003869 0.056354008666666670357 0.056142120333333336846 0.055930231999999996395 0.05350883800000000301 0.053260103888888896129 0.053011369777777789247 0.052762635666666668488 0.050992276833333335939 0.04922191800000000339 0.048261924000000004653 0.047464998083333341528 0.046668072166666671463 0.04587114624999999446 0.044581782499999993152 0.043852384166666667775 0.043122985833333335459 0.042393587500000003143
-9999 -9999 -9999 -9999 -9999 -9999 -9999 -9999 -9999 -9999 -9999 -9999 -9999 -9999 -9999 -9999 -9999 -9999 -9999 -9999 -9999 0.055555765714285713919 0.057457037999999995004 0.055224046249999998726 0.055155542250000001714 0.055087038249999997763 0.055018534249999993813 0.052209690000000003041 0.051859669222222223861 0.051509648444444444682 0.051159627666666672441 0.049195177000000006595 0.047230726333333333811 0.045826038999999998969 0.045205253888888886904 0.044584468777777774839 0.043963683666666662775 0.042908913333333333073 0.042325606555555561616 0.041742299777777776282 0.041158992999999997886
-9999 -9999 -9999 -9999 -9999 -9999 -9999 -9999 -9999 -9999 -9999 -9999 -9999 -9999 -9999 -9999 -9999 -9999 -9999 0.054045963000000002419 0.056771587000000005296 0.056438226750000000664 0.056104866500000002971 0.053518567999999995533 0.053544535222222217064 0.053570502444444445533 0.053596469666666667064 0.050704735333333333935 0.050127653055555554396 0.049550570777777788734 0.048973488500000002255 0.047012495124999997831 0.045051501750000000346 0.043816323333333330459 0.043334599222222221215 0.042852875111111105033 0.04237115099999999579 0.041661481333333333366 0.041114230555555554558 0.040566979777777775751 0.040019728999999996943
-9999 -9999 -9999 -9999 -9999 -9999 -9999 -9999 -9999 -9999 -9999 -9999 -9999 -9999 -9999 -9999 -9999 -9999 0.055311808571428575099 0.054641684666666669179 0.055468429666666672906 0.054668589333333336699 0.053868749000000000493 0.051882725333333330753 0.052031541888888886704 0.052180358444444435717 0.052329174999999998608 0.049155524500000005728 0.048503709444444452481 0.047851894388888885357 0.04720007933333333211 0.045393729333333333875 0.04358737933333333564 0.042566583749999997721 0.042082473333333335341 0.041598362916666672962 0.041114252500000003643 0.04033492325000000156 0.039932943388888891834 0.039530963527777782107 0.039128983666666665442
-9999 -9999 -9999 -9999 -9999 -9999 -9999 -9999 -9999 -9999 -9999 -9999 -9999 -9999 -9999 -9999 0.05382701800000000425 0.056011417800000004585 0.052511782333333333062 0.052924038000000006576 0.053336293666666673152 0.052383619708333335752 0.051430945749999998351 0.050246668250000001144 0.050677733722222222112 0.051108799194444443081 0.05153986466666666405 0.047161432666666669444 0.046547339277777786959 0.045933245888888890596 0.045319152500000001171 0.043927585916666664345 0.042536019333333334458 0.041420835666666662445 0.040967044000000001069 0.040513252333333332755 0.040059460666666664441 0.039320030999999998345 0.039020968888888889203 0.038721906777777780062 0.038422844666666670921
-9999 -9999 -9999 -9999 -9999 -9999 -9999 -9999 -9999 -9999 -9999 -9999 -9999 -9999 -9999 0.054809745399999998394 0.056452921000000003127 0.053164544166666667657 0.049876167333333332188 0.049989035666666667423 0.050101904000000002659 0.049519485333333335131 0.048937066666666667603 0.048697527666666663715 0.049349913333333328413 0.05000229900000000699 0.050654684666666671689 0.045295485333333329603 0.044711316888888887056 0.044127148444444444508 0.043542980000000001961 0.042331345125000002794 0.041119710249999996687 0.040372841666666665905 0.040078246111111111294 0.039783650555555556683 0.039489054999999995132 0.038427851999999998456 0.038199284833333332911 0.037970717666666667367 0.037742150500000001823
-9999 -9999 -9999 -9999 -9999 -9999 -9999 -9999 -9999 -9999 -9999 -9999 -9999 0.053608072999999999142 0.053591221166666674902 0.053574369333333336785 0.053557517500000005606 0.049183981624999997817 0.044810445749999996967 0.045603048708333329686 0.046395651666666669344 0.046528474333333333379 0.046661296999999997415 0.047345414666666668646 0.047857814277777785406 0.048370213888888888287 0.048882613499999998108 0.0435695107499999984 0.043218703944444450404 0.042867897138888888531 0.042517090333333333596 0.041196861000000001285 0.039876631666666668974 0.039541161749999997888 0.039303372666666662461 0.039065583583333333972 0.038827794499999998545 0.037604054333333331028 0.037468346333333332754 0.03733263833333332754 0.037196930333333329266
-9999 -9999 -9999 -9999 -9999 -9999 -9999 -9999 -9999 -9999 -9999 0.0520482459999999994 0.051515781750000003147 0.050983317499999999955 0.050728858333333334829 0.050474399166666669703 0.050219939999999997637 0.04509689266666666585 0.039973845333333334062 0.042099886333333336186 0.04422592733333333137 0.044487309916666661902 0.044748692499999999372 0.046310218250000000084 0.046607053722222221981 0.046903889194444443878 0.047200724666666665774 0.042191086999999995177 0.042035241666666667282 0.041879396333333332447 0.041723551000000004552 0.040554761166666668248 0.039385971333333331945 0.038920386333333334417 0.03866857688888888922 0.038416767444444444024 0.038164957999999998828 0.03706929733333333421 0.036957821888888887918 0.036846346444444448565 0.036734871000000002272
-9999 -9999 -9999 -9999 -9999 -9999 -9999 -9999 -9999 -9999 0.049554174499999999182 0.049942606666666666815 0.048165705333333336258 0.046388804000000005701 0.04678127044444445326 0.04717373688888890082 0.047566203333333334502 0.042604587833333332214 0.037642972333333329926 0.041856302291666661053 0.04606963224999999218 0.045529300458333324397 0.044988968666666663554 0.045775775666666664032 0.045651895694444444285 0.045528015722222217598 0.045404135749999997851 0.041301258333333333572 0.041150050000000000516 0.040998841666666674399 0.040847633333333334404 0.039885717666666667403 0.038923802000000000401 0.03838065833333333815 0.038134498888888895829 0.037888339444444446569 0.037642179999999997309 0.036681746250000001053 0.036504068083333333916 0.036326389916666666779 0.036148711749999999643
-9999 -9999 -9999 -9999 -9999 -9999 -9999 -9999 0.043110559999999999159 0.047060102999999998963 0.046087282000000007187 0.046445359666666664877 0.043968087083333329268 0.041490814500000000598 0.042359214583333332227 0.043227614666666663856 0.044096014749999995486 0.040365127374999996979 0.036634239999999998472 0.041836472499999999286 0.047038704999999993162 0.046110709999999999198 0.045182715000000005234 0.044738018999999996927 0.0443673928888888916 0.043996766777777779334 0.043626140666666667067 0.040559161999999995829 0.04035222524999999838 0.040145288500000000931 0.039938351750000003482 0.039187095041666668294 0.038435838333333333106 0.037870437249999999718 0.037686548166666666848 0.037502659083333333978 0.037318770000000001108 0.036457557666666660923 0.036238662222222217668 0.036019766777777781352 0.035800871333333331159
-9999 -9999 -9999 -9999 -9999 -9999 -9999 0.040616488499999992001 0.044566031499999998744 0.042584515500000003074 0.040602999500000000466 0.043618290999999996538 0.041136309166666662485 0.038654327333333328431 0.03948354844444443984 0.040312769555555551249 0.041141990666666662657 0.039646805333333333399 0.03815162000000000414 0.041799198666666669 0.045446777333333333859 0.044867660291666666694 0.044288543249999999529 0.043404506749999995086 0.043115548833333329493 0.0428265909166666639 0.042537632999999998307 0.040219372666666669547 0.03987724977777778318 0.039535126888888896812 0.039193004000000003506 0.038552510250000004977 0.037912016499999999508 0.037495369999999993149 0.037351037111111110023 0.037206704222222219958 0.037062371333333336831 0.036237614333333327543 0.036035568999999996465 0.035833523666666672325 0.035631478333333334307
-9999 -9999 -9999 -9999 -9999 0.034172873999999998917 0.035502506583333336143 0.03683213916666666643 0.038161771749999996717 0.037172521874999996105 0.036183271999999995494 0.04161925699999999978 0.040306731499999998158 0.038994206000000003476 0.039908383000000005603 0.040822560000000007729 0.041736737000000002917 0.040916784999999997186 0.040096832999999998393 0.041936524999999995333 0.043776216999999992274 0.043490301666666661418 0.0432043863333333375 0.042474572999999994638 0.042222719499999991632 0.041970865999999995566 0.041719012499999999499 0.040030250999999995865 0.039605245833333330152 0.03918024066666666444 0.038755235499999998727 0.038171304749999995787 0.037587373999999999785 0.037139916499999994781 0.037001662499999997402 0.036863408500000000023 0.036725154500000002644 0.035920325749999995613 0.035771112249999993671 0.035621898749999998668 0.035472685249999996726
-9999 -9999 -9999 -9999 0.033647619000000003608 0.029828751500000000307 0.030682032000000001443 0.031535312500000002578 0.032388593000000000244 0.033631240999999999219 0.034873888999999998195 0.03857777166666667007 0.038821950208333330656 0.039066128749999998182 0.040088929583333335338 0.041111730416666672494 0.042134531250000002711 0.041633011791666667267 0.041131492333333331823 0.042388821999999999612 0.043646151666666667401 0.042976927583333331129 0.042307703499999994856 0.042153822999999999988 0.041822461111111111642 0.041491099222222223297 0.041159737333333334952 0.039810088999999999892 0.039367996777777782003 0.038925904555555557174 0.038483812333333332345 0.037938055666666664623 0.0373922989999999969 0.036916704000000001573 0.036842589444444448499 0.036768474888888888485 0.036694360333333335411 0.035651476999999993922 0.035537632777777772297 0.035423788555555557611 0.035309944333333335986
-9999 -9999 -9999 0.027737760666666666509 0.031463603333333332868 0.025562839000000003864 0.027308979000000004056 0.029055118999999997309 0.030801258999999997501 0.032801878375000002863 0.034802497750000008225 0.037018668333333337728 0.038668516999999999473 0.040318365666666661218 0.041174292666666667539 0.042030219666666659983 0.042886146666666659366 0.042171101208333325316 0.041456055749999998206 0.042817014124999996927 0.044177972500000002587 0.042927353750000001031 0.041676734999999999476 0.041633665999999999729 0.041412233777777779364 0.041190801555555558999 0.040969369333333331695 0.039741735000000000255 0.039322599444444446271 0.038903463888888892286 0.038484328333333338301 0.037849842291666671579 0.037215356249999997917 0.036991084333333333622 0.036944926333333336088 0.036898768333333331615 0.036852610333333334081 0.035536597999999995634 0.035415044499999999428 0.035293490999999996283 0.035171937500000000076
