examples/shallow_reservoirs_case/rasters/diamond_sim_005_norm_linear.asc
ncols        120
nrows        80
xllcorner    0.000000000000
yllcorner    -0.000391944000
cellsize     0.050000000000
NODATA_value  -9999
[rows 0 to 17 of 80, columns 41 to 81 of 120]
-9999 -9999 -9999 -9999 -9999 -9999 -9999 -9999 -9999 -9999 -9999 -9999 -9999 -9999 -9999 -9999 -9999 -9999 -9999 0.053209508249999995511 -9999 -9999 -9999 -9999 -9999 -9999 -9999 -9999 -9999 -9999 -9999 -9999 -9999 -9999 -9999 -9999 -9999 -9999 -9999 -9999 -9999
-9999 -9999 -9999 -9999 -9999 -9999 -9999 -9999 -9999 -9999 -9999 -9999 -9999 -9999 -9999 -9999 0.053421594999999995335 0.053537544777777779093 0.053653494555555555912 0.053769444333333332731 0.052494598500000003161 0.051219752666666666652 -9999 -9999 -9999 -9999 -9999 -9999 -9999 -9999 -9999 -9999 -9999 -9999 -9999 -9999 -9999 -9999 -9999 -9999 -9999
-9999 -9999 -9999 -9999 -9999 -9999 -9999 -9999 -9999 -9999 -9999 -9999 -9999 -9999 0.053554101000000006727 0.053673472666666666164 0.05379284433333333254 0.053887503222222216115 0.053982162111111113567 0.054076820999999997142 0.052818749999999997646 0.051560678999999998151 0.051490182499999995192 0.051419685999999992232 -9999 -9999 -9999 -9999 -9999 -9999 -9999 -9999 -9999 -9999 -9999 -9999 -9999 -9999 -9999 -9999 -9999
-9999 -9999 -9999 -9999 -9999 -9999 -9999 -9999 -9999 -9999 -9999 -9999 -9999 0.055255247999999999864 0.054280044499999999252 0.054256209375000002959 0.054232374249999999727 0.054233040055555556402 0.054233705861111113078 0.054234371666666669753 0.053180772333333334312 0.05212717299999999887 0.051929126249999998932 0.051731079499999992055 0.051515664000000002676 -9999 -9999 -9999 -9999 -9999 -9999 -9999 -9999 -9999 -9999 -9999 -9999 -9999 -9999 -9999 -9999
-9999 -9999 -9999 -9999 -9999 -9999 -9999 -9999 -9999 -9999 -9999 0.055616740999999997319 0.055481422874999998529 0.055346104749999999739 0.054752507333333332029 0.054577451499999998785 0.054402395666666665541 0.054292731777777783475 0.054183067888888887531 0.054073403999999998526 0.053382782499999996417 0.052692160999999994309 0.052383265833333331196 0.052074370666666668084 0.051839209499999996944 0.051250497249999998894 0.050661785000000000845 -9999 -9999 -9999 -9999 -9999 -9999 -9999 -9999 -9999 -9999 -9999 -9999 -9999 -9999
-9999 -9999 -9999 -9999 -9999 -9999 -9999 -9999 -9999 0.054769719000000008369 0.055349634499999994519 0.055587198666666670643 0.055359312333333340894 0.055131426000000004206 0.054639306333333331755 0.054440911833333327507 0.054242517333333330198 0.054094791333333336336 0.053947065333333335535 0.053799339333333334734 0.053426097833333338616 0.053052856333333335559 0.052660940666666669618 0.052269025000000003678 0.052052739666666660023 0.051467018666666662641 0.050881297666666665258 0.050582428222222225456 0.05040725899999999593 -9999 -9999 -9999 -9999 -9999 -9999 -9999 -9999 -9999 -9999 -9999 -9999
-9999 -9999 -9999 -9999 -9999 -9999 -9999 -9999 0.055464069500000004465 0.055082527999999998658 0.055155101166666664625 0.055227674333333330592 0.055035929999999996798 0.054844185666666663004 0.054048715749999996782 0.053944180500000001033 0.053839645250000005283 0.05367576161111111549 0.053511877972222218758 0.053347994333333335903 0.05318981966666666561 0.053031645000000002255 0.052745629624999998408 0.052459614249999994562 0.052109438000000000979 0.051606375500000002676 0.051103313000000004374 0.050803609333333332732 0.050503905666666674967 0.050204202000000003325 -9999 -9999 -9999 -9999 -9999 -9999 -9999 -9999 -9999 -9999 -9999
-9999 -9999 -9999 -9999 -9999 -9999 0.055578504500000000532 0.055247048222222219782 0.05491559194444445291 0.054584135666666665221 0.054530949958333338468 0.054477764250000004775 0.054309060000000006219 0.054140355750000000723 0.053087247000000004071 0.053197745333333337769 0.053308243666666671468 0.053159846000000010591 0.053011448333333335836 0.05286305066666666802 0.052849855666666667453 0.052836660666666666886 0.052700321166666667938 0.05256398166666666899 0.051998075499999997506 0.051582253499999994317 0.051166431499999998067 0.050956884888888893947 0.05074733827777777595 0.050537791666666664891 0.050256162583333333083 0.049974533500000001274 -9999 -9999 -9999 -9999 -9999 -9999 -9999 -9999 -9999
-9999 -9999 -9999 -9999 0.055985337000000003072 0.0556406950000000039 0.055296053000000004729 0.054787627750000005011 0.054279202500000005294 0.053770777249999998637 0.053662668624999999845 0.053554560000000001052 0.053323847499999993405 0.053093134999999992696 0.052121544333333331978 0.052361185833333330486 0.052600827333333328995 0.052472018777777774956 0.052343210222222227856 0.052214401666666666879 0.052398711666666666908 0.052583021666666666938 0.052485848000000001612 0.052388674333333336286 0.051804037666666663542 0.051446022999999993508 0.051088008333333330413 0.050970375805555551141 0.050852743277777778808 0.050735110749999999535 0.050418550874999995548 0.0501019909999999985 0.049748411499999999064 0.049394831999999999628 -9999 -9999 -9999 -9999 -9999 -9999 -9999
-9999 -9999 -9999 0.056062384999999999302 0.055720466250000003083 0.055203862458333335939 0.054687258666666661855 0.05412190755555554289 0.053556556444444437803 0.052991205333333325778 0.052786304833333325126 0.052581404333333331413 0.052334451833333323068 0.052087499333333321661 0.051166053500000002741 0.051434057875000001314 0.051702062249999999888 0.051556679833333327045 0.051411297416666668081 0.051265914999999995239 0.051709469999999993495 0.05215302499999999869 0.052071348500000003146 0.051989672000000000662 0.051420945666666661999 0.051167750333333331114 0.050914555000000000229 0.050883200111111109853 0.050851845222222219478 0.050820490333333329103 0.050475502166666658121 0.050130513999999994079 0.049863449125000000595 0.049596384250000000171 0.048286370000000002067 -9999 -9999 -9999 -9999 -9999 -9999
-9999 0.055977085666666669128 0.056072135999999994649 0.056045821666666661987 0.055038863333333333527 0.05450091516666666358 0.053962967000000000573 0.053410560999999995291 0.052858154999999990009 0.052305748999999991666 0.051750597374999998679 0.051195445749999998752 0.050986958999999998365 0.050778472249999997978 0.050331426333333338652 0.05058753600000000239 0.050843645666666666127 0.050589775888888896538 0.05033590611111111307 0.050082036333333336542 0.050698641000000002621 0.051315245666666675639 0.051247656000000002541 0.051180066333333329442 0.050720955499999997862 0.050611346249999994429 0.050501736999999997935 0.05055012022222223067 0.050598503444444442589 0.050646886666666668386 0.050364875666666669707 0.050082864666666671027 0.049897138166666674119 0.049711411666666670273 0.048527621333333333109 0.045468171166666668248 0.044636416249999991135 -9999 -9999 -9999 -9999
0.055877798600000000429 0.056081886999999996934 0.055990849833333328212 0.055899812666666666428 0.054133922000000000985 0.053477784375000003703 0.052821646749999999482 0.052252731000000003647 0.051683815250000000874 0.051114899500000005039 0.050517530416666664439 0.049920161333333330778 0.049676743833333328326 0.049433326333333332814 0.049635121333333330484 0.049806544833333334099 0.049977968333333337714 0.049645686111111114736 0.049313403888888884818 0.04898112166666666184 0.04958366816666666399 0.050186214666666673079 0.050253862999999995842 0.050321511333333325544 0.049827777666666663026 0.049816381499999992655 0.049804985333333329223 0.049902113638888891123 0.049999241944444439145 0.050096370250000001045 0.049951499750000002975 0.049806629249999997966 0.049744512458333334237 0.04968239566666666357 0.048782071666666669552 0.045716022000000008929 0.042649972333333341368 0.042673085833333339323 0.049051948999999997469 -9999 -9999
0.055537274499999997324 0.055384204999999998853 0.055301958249999998152 0.055219711499999997451 0.052883830500000006403 0.052150693583333337933 0.051417556666666669463 0.05076699222222222363 0.050116427777777777797 0.049465863333333331964 0.049093713333333330318 0.048721563333333328671 0.048410975791666657764 0.048100388249999993795 0.048690941250000001339 0.048716320500000000193 0.048741699749999999047 0.048437358833333339636 0.048133017916666673286 0.047828677000000006936 0.0483307300000000023 0.048832783000000004603 0.048994231250000006006 0.04915567950000000047 0.048904919499999997823 0.048956510750000001297 0.049008101999999997833 0.049098967888888893352 0.049189833777777774992 0.049280699666666670511 0.049316713500000004811 0.04935272733333333911 0.049491747416666669046 0.049630767499999998982 0.049044183499999997877 0.046203972083333336163 0.043363760666666667509 0.042201840611111110513 0.041039920555555553516 0.03987800049999999652 -9999
0.054440737875000005941 0.054319827750000000688 0.054185658374999993991 0.054051488999999987295 0.051606995999999995262 0.050910690166666661138 0.050214384333333333954 0.049527259111111117396 0.048840133888888886959 0.048153008666666663462 0.04777820408333333102 0.047403399499999998579 0.047116146750000004184 0.046828894000000002851 0.047507825000000003524 0.047479289000000007848 0.047450753000000005233 0.047190810222222226433 0.046930867444444447634 0.046670924666666668834 0.047014920333333334868 0.047358916000000000901 0.047620354666666669941 0.047881793333333332041 0.047774986999999997928 0.047832420624999996694 0.0478898542500000024 0.048145908944444454347 0.048401963638888892416 0.048658018333333330485 0.048696508666666665777 0.048734999000000001068 0.049084185666666668713 0.049433372333333329418 0.048989168666666665919 0.04677956995833333631 0.044569971249999999763 0.043365293833333339035 0.042160616416666671369 0.040955939000000003702 0.04742267799999999589
0.053245597333333324896 0.053172110666666660972 0.052847699083333324332 0.052523287499999994632 0.050534278500000001655 0.049736525749999996315 0.048938772999999997915 0.048284148833333338791 0.047629524666666672728 0.046974900499999999726 0.04665121175000000453 0.046327523000000002396 0.046160191166666669771 0.045992859333333330207 0.046538685333333336402 0.046468417999999997448 0.046398150666666665431 0.046020208361111106243 0.045642266055555553994 0.045264323749999994806 0.045721086708333330551 0.046177849666666659356 0.046482636666666660163 0.046787423666666660971 0.046693190666666661848 0.046648328666666669107 0.046603466666666669427 0.047035341444444447867 0.047467216222222219368 0.047899090999999997809 0.047873496249999994423 0.047847901499999997976 0.04831892437500000248 0.048789947250000000045 0.04859436125000000245 0.047466129291666672718 0.046337897333333342986 0.04541232400000000391 0.044486750666666671772 0.043561177333333332695 0.047555044749999997311
0.052121457499999995777 0.051831769666666666074 0.051359532333333332565 0.050887294999999999057 0.04911281600000000358 0.048380977500000005298 0.047649139000000000077 0.046957396222222225202 0.046265653444444443387 0.045573910666666661573 0.045522525166666660823 0.045471139666666667012 0.045162202833333331409 0.044853266000000002744 0.045154509750000002 0.045117322124999997834 0.045080134500000000608 0.044684468888888891069 0.044288803277777781531 0.043893137666666665053 0.044325400583333326998 0.044757663499999995882 0.045010328874999998294 0.045262994250000000707 0.045211944250000003775 0.045385630791666672912 0.045559317333333342048 0.046005049444444445772 0.046450781555555556435 0.046896513666666667097 0.046872736833333331075 0.046848960000000001991 0.04728661983333333485 0.04772427966666666771 0.048076171666666667193 0.047870267499999993865 0.047664363333333327477 0.046849527777777774662 0.046034692222222228786 0.045219856666666669032 0.04788301400000000152
0.050440613500000001934 0.05006878474999999773 0.049901832541666663046 0.049734880333333335301 0.047597211666666666696 0.046868290833333332845 0.046139369999999998995 0.045485272111111113569 0.044831174222222228143 0.044177076333333335778 0.044230470916666667081 0.044283865499999991444 0.043875392416666658679 0.043466919333333332853 0.043849841000000000513 0.04378475516666666123 0.043719669333333328887 0.043415280333333333695 0.043110891333333331565 0.042806502333333329435 0.043029736999999998459 0.043252971666666667483 0.043524509666666669205 0.043796047666666663989 0.043700018333333333354 0.043956001041666664664 0.044211983749999995974 0.044799997277777781068 0.045388010805555552285 0.045976024333333330441 0.045905294916666658511 0.045834565499999993521 0.046247560249999992987 0.046660554999999992454 0.047536227666666673597 0.047931267458333336184 0.048326307249999998772 0.047651636583333337183 0.046976965916666661716 0.046302295249999993187 0.047894738333333332359
0.049176764499999997549 0.048725606666666664013 0.048450395083333333557 0.048175183499999996162 0.045920835499999999862 0.045229807916666669998 0.044538780333333333195 0.043863928055555556629 0.043189075777777780063 0.042514223499999996558 0.042752636583333336606 0.042991049666666669715 0.042634683666666672863 0.042278317666666669072 0.04275024633333333185 0.042711051666666666193 0.042671857000000000537 0.042351438555555558085 0.042031020111111115634 0.041710601666666673182 0.041901185166666674031 0.042091768666666667942 0.042411443666666673313 0.042731118666666671746 0.042497086999999995893 0.042647559999999994085 0.042798032999999992276 0.043512689833333326184 0.04422734666666666703 0.044942003500000000937 0.044875264249999997912 0.044808524999999994887 0.045228936499999997101 0.045649348000000006254 0.046918726750000000481 0.047624699708333328996 0.04833067266666666445 0.048011184111111104844 0.047691695555555559116 0.04737220699999999951 0.048002362249999999677
