examples/shallow_reservoirs_case/rasters/diamond_sim_005_norm_linear.asc
ncols        120
nrows        80
xllcorner    0.000000000000
yllcorner    -0.000391944000
cellsize     0.050000000000
NODATA_value  -9999
[rows 18 to 35 of 80, columns 41 to 81 of 120]
0.047902544500000004968 0.047186135000000004047 0.047044153833333338111 0.046902172666666665235 0.044369448666666665149 0.043831118166666668823 0.043292787666666665558 0.042555769444444446759 0.04181875122222222102 0.041081733000000002221 0.04145229866666666485 0.04182286433333332748 0.041464048416666662855 0.04110523249999999823 0.041615130000000000177 0.041568744125000001155 0.041522358250000002133 0.041221807416666672585 0.040921256583333336099 0.040620705749999999612 0.040785358874999996792 0.040950012000000000911 0.041283802750000000992 0.041617593499999994133 0.041304803000000001045 0.041457087833333336468 0.041609372666666664953 0.042359557999999998545 0.043109743333333332138 0.043859928666666665731 0.043839049500000004667 0.043818170333333343602 0.044283500000000003416 0.04474882966666666323 0.045982432666666663013 0.046942022458333329538 0.047901612250000003002 0.047823712166666670909 0.047745812083333338816 0.047667912000000006723 0.048109551333333333556
0.046165389833333334013 0.045221333666666661821 0.045394911708333332556 0.045568489749999996352 0.043167459666666664619 0.042627596583333329794 0.042087733500000001907 0.04143778344444445233 0.040787833388888895814 0.040137883333333339297 0.040346169916666674293 0.04055445650000000235 0.040296012083333332399 0.040037567666666669386 0.040601948999999998291 0.040557598666666666576 0.040513248333333334861 0.040230571444444446216 0.039947894555555550633 0.039665217666666661989 0.039820068499999999867 0.039974919333333337745 0.040260342000000004514 0.040545764666666671283 0.040220636666666670367 0.040250125083333337939 0.040279613499999998572 0.041118736333333336108 0.041957859166666666706 0.042796982000000004243 0.04270586850000000767 0.042614755000000004159 0.043260986833333334167 0.043907218666666664175 0.044730550250000000734 0.046009033625000000933 0.047287517000000001133 0.047410562166666669892 0.047533607333333331713 0.047656652500000000472 0.048095359749999996857
0.0445966450000000042 0.043796478333333332955 0.043910240000000003158 0.044024001666666666421 0.042040886499999999271 0.041483681750000001021 0.040926476999999995832 0.040274744500000000946 0.039623011999999999122 0.038971279500000004237 0.039199117416666665048 0.039426955333333325859 0.039281245666666658733 0.039135535999999998547 0.03977661766666666654 0.039718499083333330679 0.039660380500000001758 0.039366528333333337952 0.039072676166666667208 0.038778824000000003402 0.03886897549999999979 0.038959126999999996177 0.039286073499999997483 0.039613019999999998788 0.039415957000000001464 0.039223420166666668474 0.039030883333333335483 0.039881342305555560201 0.04073180127777778492 0.041582260250000002699 0.041525056625000000832 0.041467852999999998964 0.042194724000000002895 0.042921594999999999887 0.043630701666666660277 0.045196866500000001943 0.04676303133333333667 0.047105813666666676576 0.047448596000000002604 0.047791378333333335571 0.047884636000000001255
0.043112829083333331637 0.042257395499999995947 0.042379949999999999566 0.042502504500000003185 0.041006559333333331141 0.040482663833333334957 0.039958768333333338774 0.039270789333333333548 0.038582810333333335262 0.037894831333333330037 0.038204126333333331134 0.03851342133333333223 0.038310365791666661783 0.038107310249999998275 0.038912558749999999475 0.038867823541666665643 0.038823088333333331812 0.038594879666666664919 0.038366670999999998026 0.038138462333333331133 0.038121585999999998973 0.038104709666666666812 0.038437093083333331855 0.038769476499999996899 0.038596790249999998745 0.038399182291666666966 0.038201574333333328248 0.038929044333333329142 0.039656514333333323097 0.040383984333333323991 0.040515750833333329106 0.040647517333333334222 0.041253381999999998164 0.041859246666666662107 0.042734965750000006302 0.044368894750000005545 0.046002823750000004788 0.046533105166666671737 0.047063386583333345625 0.047593668000000005636 0.047661859333333334021
0.041599055083333336125 0.040804522666666669106 0.040933967166666668236 0.041063411666666660427 0.039831223249999998803 0.039353682374999997273 0.038876141499999995743 0.038316477444444441147 0.03775681338888889349 0.037197149333333338894 0.03740654016666666859 0.037615931000000005224 0.037412170166666675053 0.037208409333333337943 0.037950507333333334536 0.03802010899999999638 0.038089710666666665162 0.037898638777777778064 0.037707566888888890966 0.037516495000000003868 0.037516163666666671461 0.037515832333333332116 0.037841284000000002807 0.03816673566666666656 0.037806538000000000643 0.037591349750000002672 0.037376161499999997762 0.038094196555555556727 0.038812231611111108753 0.039530266666666667719 0.039647979583333332887 0.039765692499999998055 0.040369106375000005094 0.040972520250000005193 0.041808823000000001902 0.043497424833333332705 0.045186026666666663509 0.045806334611111110267 0.046426642555555557024 0.047046950500000003781 0.04725099425000000436
0.040467046999999999046 0.039775101000000000206 0.039857763999999996918 0.039940426999999993629 0.038894223999999998076 0.038414562999999998794 0.037934901999999999511 0.03754630325000000296 0.03715770449999999947 0.036769105750000002919 0.036854952208333333075 0.03694079866666666323 0.036804820666666668294 0.036668842666666673358 0.037226759333333331314 0.037309944541666667517 0.03739312974999999678 0.037220211083333329394 0.037047292416666668946 0.036874373750000001559 0.0369090677499999964 0.036943761749999998178 0.037158678541666670392 0.037373595333333335666 0.037168067666666665394 0.036887503833333334935 0.036606940000000004476 0.037270265750000003413 0.03793359150000000235 0.038596917250000001287 0.038771798291666673131 0.038946679333333338036 0.03956396950000000412 0.040181259666666663266 0.041155171333333337436 0.042825837833333338378 0.044496504333333332382 0.045123090333333337743 0.045749676333333336165 0.046376262333333334587 0.046807598999999998346
0.039356361499999999165 0.038692994000000001387 0.038757660750000005878 0.038822327500000003431 0.038188709666666660614 0.037666214999999995949 0.037143720333333331285 0.036771729777777775738 0.036399739222222220192 0.036027748666666664645 0.036225383166666666468 0.036423017666666668291 0.036253745833333336779 0.036084473999999998328 0.036661669500000000632 0.036733337083333331141 0.036805004666666668589 0.036620315777777780186 0.036435626888888884845 0.036250937999999996442 0.036256205333333332841 0.036261472666666662301 0.036339595083333328662 0.036417717500000001962 0.036426679249999996402 0.036191805625000003643 0.035956932000000003946 0.036557388111111116524 0.037157844222222222164 0.037758300333333334742 0.03803424900000000608 0.03831019766666667048 0.038888530666666670799 0.039466863666666664179 0.040513388000000004341 0.042090351750000004616 0.043667315499999997952 0.04437223575000000253 0.045077156000000000169 0.045782076249999997808 0.046434467000000000103
0.038483577833333330875 0.037838171999999996309 0.037801519333333331863 0.037764866666666667416 0.03742681575000000177 0.036900374124999996139 0.036373932499999997447 0.036090252666666669534 0.035806572833333327743 0.03552289299999999983 0.035711407124999997031 0.035899921250000001172 0.035749845958333331675 0.035599770666666669117 0.03615965033333334161 0.036235030833333341238 0.036310411333333340866 0.036133828777777779462 0.035957246222222224996 0.035780663666666663592 0.035701681999999998474 0.035622700333333333356 0.035677757833333337278 0.035732815333333334262 0.035699182666666669228 0.03553870883333333508 0.03537823500000000787 0.035955159000000007363 0.036532083000000006856 0.03710900699999999941 0.037326347000000002774 0.037543687000000006138 0.038188265375000002289 0.038832843749999998439 0.039929953333333330356 0.041486869499999995403 0.043043785666666667389 0.043729313555555558712 0.044414841444444450036 0.045100369333333334421 0.04604607050000000118
0.037885935833333335421 0.037349026999999999921 0.037156452625000002676 0.036963878249999998493 0.036862963666666664908 0.0363816668333333329 0.035900370000000000892 0.035616666333333338312 0.035332962666666661855 0.035049258999999999276 0.035261509666666662755 0.035473760333333326233 0.035382707166666665932 0.035291654000000005631 0.035809976000000000307 0.035801597000000004445 0.035793218000000001644 0.03564696766666666794 0.035500717333333334236 0.035354467000000000532 0.035202099624999996785 0.035049732249999999978 0.035207068958333337383 0.035364405666666667849 0.035123608666666666922 0.035018149833333331311 0.034912691000000002639 0.035416092083333336471 0.035919493166666663364 0.036422894249999997196 0.036599284958333332118 0.036775675666666667041 0.03749072049999999795 0.038205765333333328859 0.039345998000000000083 0.040912091833333330548 0.042478185666666667952 0.043122941888888891016 0.043767698111111114079 0.044412454333333330203 0.045534520999999994473
0.037264017750000003049 0.036785884999999997336 0.03659126816666666282 0.036396651333333335243 0.036529042333333337778 0.035919978291666668224 0.035310914249999998671 0.035073890944444442719 0.034836867638888886767 0.034599844333333330815 0.034843315166666666283 0.035086786000000001751 0.035032187249999999223 0.034977588500000003635 0.035449308750000005364 0.035402967708333336894 0.035356626666666668424 0.035268822333333338381 0.0351810180000000014 0.035093213666666671358 0.034896984333333339046 0.034700754999999999795 0.034790719375000001001 0.034880683750000002208 0.03458358974999999752 0.034611263208333326036 0.03463893666666666149 0.035099442111111107956 0.035559947555555554422 0.036020453000000000887 0.036191568250000000218 0.036362683500000006487 0.037010187083333340174 0.037657690666666666923 0.03874561033333333987 0.040271715291666669578 0.041797820249999999287 0.042465520416666666104 0.04313322058333333292 0.043800920749999999737 0.045078122750000004793
0.036815294499999998146 0.036433658666666667025 0.036263060666666666054 0.036092462666666665083 0.036066273749999995524 0.035462084041666661061 0.034857894333333333536 0.034660612777777780047 0.034463331222222219619 0.034266049666666666129 0.034454179833333334337 0.034642309999999995607 0.034606155166666666134 0.034570000333333329723 0.035123274666666669253 0.035123452499999999188 0.035123630333333329123 0.03500675247222222175 0.034889874611111107439 0.034772996750000000066 0.034601358708333335157 0.034429720666666663309 0.034432473333333338261 0.034435226000000006275 0.034259608999999996426 0.034317375249999997056 0.034375141499999997685 0.034819151333333332732 0.035263161166666667778 0.035707171000000002825 0.035901518666666673574 0.036095866333333337383 0.036604167291666669937 0.03711246825000000249 0.038370752000000001025 0.039799401999999997614 0.041228051999999994204 0.041926038888888884915 0.042624025777777782564 0.043322012666666666336 0.044684445999999995724
0.036444528000000003809 0.036154184999999998407 0.036025805124999997486 0.035897425249999996566 0.035616598999999998787 0.035129962833333333583 0.034643326666666668379 0.034436866444444449997 0.034230406222222224677 0.034023945999999999357 0.034111034999999997885 0.034198124000000003353 0.034164000833333332818 0.034129877666666669223 0.034695699499999996251 0.034760751624999995657 0.034825803749999995063 0.034692917611111109832 0.034560031472222224602 0.034427145333333332433 0.034244832541666665737 0.034062519749999999041 0.034106236750000004654 0.034149953750000003327 0.033961757666666668454 0.03403508100000000175 0.034108404333333335046 0.034502134555555556694 0.034895864777777778343 0.035289594999999999991 0.035583807333333335177 0.035878019666666670362 0.036329764833333333396 0.03678150999999999643 0.038126157499999993594 0.039483330249999996908 0.040840503000000000222 0.041519377111111116507 0.042198251222222218915 0.042877125333333328261 0.044314681666666667914
0.035960437999999997349 0.035772164250000001995 0.035724435458333335391 0.035676706666666668788 0.035202335250000001132 0.034759155875000002922 0.034315976499999997773 0.034187581555555554558 0.034059186611111111342 0.033930791666666661188 0.03389787716666665951 0.03386496266666666477 0.033812772083333331175 0.033760581499999997579 0.034169262000000005797 0.034301181000000000032 0.034433099999999994267 0.034346958777777769622 0.034260817555555558855 0.034174676333333334211 0.033984852166666669471 0.033795028000000004731 0.033848296166666666518 0.033901564333333328305 0.033670064999999999023 0.033852196500000000801 0.034034328000000002579 0.034327629777777778075 0.034620931555555553572 0.034914233333333329068 0.035285704791666663849 0.03565717624999999863 0.036155724749999999801 0.036654273250000000972 0.037860402333333327551 0.03905056554166666527 0.04024072874999999605 0.04098221533333333555 0.04172370191666666811 0.042465188500000000671 0.043797600499999998769
0.035582070999999999839 0.035363270666666668518 0.035375805458333332842 0.035388340249999997167 0.034964776999999995499 0.034518501000000000045 0.034072225000000004591 0.03404618588888889269 0.034020146777777780789 0.033994107666666668888 0.033787573208333337993 0.033581038750000000159 0.033544469874999996439 0.033507900999999999658 0.033747579333333332929 0.033908462666666666641 0.034069345999999993413 0.034028216222222219811 0.033987086444444453148 0.033945956666666672608 0.033767040499999997905 0.03358812433333333014 0.033663066499999998171 0.033738008666666666202 0.033720277999999999363 0.033922332749999999091 0.034124387499999998818 0.034334423777777782483 0.034544460055555559208 0.034754496333333335933 0.035130865666666663549 0.035507234999999998104 0.035943628333333338398 0.036380021666666671754 0.037744074250000002324 0.038709341291666671259 0.039674608333333333254 0.040437867777777782019 0.041201127222222223845 0.041964386666666665671 0.043338200999999999807
0.035423833666666668107 0.035216189000000001907 0.035182375833333334736 0.035148562666666667564 0.034911944999999999784 0.034474409333333330685 0.034036873666666668525 0.034023555444444450457 0.034010237222222225451 0.033996919000000000444 0.033687447166666661946 0.033377975333333330388 0.033322656291666669093 0.033267337250000000859 0.033424508999999998082 0.033590874249999999601 0.03375723950000000112 0.033744542500000002105 0.033731845499999996152 0.033719148499999997137 0.033591610499999993711 0.033464072499999997223 0.033529659124999999786 0.033595245750000002349 0.033871465750000002981 0.034041921541666665674 0.034212377333333328366 0.034416258722222217714 0.034620140111111114001 0.034824021500000003349 0.035115573083333337379 0.035407124666666671409 0.035781184166666674118 0.036155243666666669888 0.03768623566666667174 0.038565916333333338795 0.039445596999999998911 0.040205522777777780163 0.040965448555555561416 0.04172537433333333573 0.0430635983333333347
0.035312849291666670304 0.035153013333333336943 0.035086998166666674703 0.035020983000000005525 0.034971607000000001775 0.034490247000000001654 0.034008887000000001533 0.033977628444444442357 0.033946369888888890121 0.033915111333333330945 0.033561761333333328672 0.033208411333333333337 0.033169070000000001885 0.033129728666666670434 0.033103028999999999094 0.03330276716666666359 0.033502505333333328086 0.033474684111111110973 0.033446862888888886922 0.03341904166666666981 0.033438072499999998977 0.033457103333333335082 0.033462155333333333529 0.033467207333333331976 0.034033107666666666258 0.034133454166666667151 0.034233800666666668044 0.034457009111111110145 0.034680217555555559183 0.034903425999999994345 0.035111626625000003088 0.035319827250000004892 0.035662410125000001959 0.036004992999999999026 0.037527881749999998651 0.038441302708333333071 0.039354723666666667492 0.040075596944444444314 0.040796470222222221136 0.041517343499999997958 0.042894778000000001461
0.035219158166666666987 0.035128371999999997988 0.03502063766666666661 0.034912903333333335232 0.034937183333333336754 0.034482754333333337504 0.034028325333333338254 0.033936156000000008981 0.033843986666666672769 0.033751817333333336557 0.033353908791666664335 0.032956000249999999052 0.033010479958333331651 0.033064959666666664251 0.03287787166666666927 0.03303744633333333125 0.033197021000000000168 0.033195426222222226831 0.033193831444444446555 0.033192236666666666278 0.033313183499999995951 0.033434130333333332563 0.033471926833333331963 0.033509723333333331363 0.034147988333333330335 0.034191452666666663496 0.034234917000000003595 0.034483762555555561025 0.034732608111111111515 0.034981453666666668945 0.035128195833333333842 0.035274937999999998739 0.035603779833333334959 0.03593262166666666424 0.037403861000000003523 0.038358757333333340367 0.039313653666666670272 0.039992313000000001555 0.040670972333333332838 0.04134963166666666412 0.042841918333333332825
0.03512729850000000098 0.035082659500000001884 0.034929170083333335728 0.034775680666666662633 0.034851452333333331202 0.03434383754166666497 0.033836222749999998738 0.033722227416666666899 0.033608232083333328122 0.033494236749999996283 0.033179917041666666389 0.032865597333333336494 0.032916574666666670312 0.032967552000000004131 0.032706473749999999401 0.032773179375000002778 0.032839884999999999216 0.03289943577777777739 0.032958986555555555564 0.0330185373333333268 0.033223256916666665806 0.033427976499999997873 0.033518094499999998015 0.033608212499999998157 0.03418253699999999895 0.034194641166666664422 0.034206745333333336834 0.034469863222222223154 0.034732981111111109473 0.034996098999999995793 0.035044198999999998101 0.03509229899999999347 0.035505164833333324736 0.035918030666666662942 0.037352911999999995063 0.038377387874999994988 0.039401863749999994913 0.03998574374999999681 0.040569623749999998708 0.041153503750000000605 0.042856098500000001927
