examples/shallow_reservoirs_case/rasters/diamond_exp_005_norm_linear.asc
ncols        120
nrows        80
xllcorner    0.000000000000
yllcorner    -0.000391944000
cellsize     0.050000000000
NODATA_value  -9999
[rows 36 to 53 of 80, columns 0 to 40 of 120]
-9999 -9999 0.014666666666666666394 0.02370833333333333473 0.032750000000000001332 0.027333333333333334481 0.027138888888888892947 0.026944444444444444475 0.026749999999999999473 0.03487500000000000322 0.043000000000000003497 0.033333333333333332871 0.040291666666666670071 0.047250000000000000333 0.045833333333333337034 0.044416666666666673735 0.043000000000000003497 0.041833333333333333481 0.040666666666666663466 0.044499999999999997891 0.048333333333333339255 0.045499999999999998779 0.042666666666666665242 0.047333333333333338366 0.047222222222222234866 0.047111111111111117489 0.047000000000000000111 0.046666666666666668795 0.046194444444444447695 0.045722222222222219656 0.045249999999999998557 0.043124999999999996669 0.041000000000000001721 0.042500000000000003053 0.042416666666666671959 0.042333333333333333925 0.042250000000000002831 0.041000000000000001721 0.040333333333333332149 0.039666666666666669516 0.038999999999999999944
0.021666666666666667407 0.016708333333333331983 0.011750000000000000028 0.014708333333333333676 0.017666666666666667324 0.019500000000000003442 0.022111111111111112631 0.024722222222222221821 0.027333333333333331011 0.031291666666666669017 0.035250000000000003553 0.0384999999999999995 0.042083333333333333703 0.045666666666666667906 0.044777777777777777457 0.043888888888888887008 0.042999999999999996558 0.042166666666666664798 0.041333333333333333037 0.045833333333333337034 0.050333333333333341031 0.047666666666666669683 0.044999999999999998335 0.049333333333333340143 0.049111111111111119265 0.048888888888888891449 0.048666666666666670571 0.045749999999999999001 0.04538888888888888834 0.045027777777777777679 0.044666666666666667018 0.04283333333333333437 0.041000000000000001721 0.042666666666666665242 0.042999999999999996558 0.043333333333333334814 0.04366666666666666613 0.040666666666666663466 0.040888888888888884343 0.04111111111111111216 0.041333333333333333037
0.032750000000000001332 0.021541666666666667296 0.010333333333333333259 0.014541666666666668017 0.018750000000000002776 0.011333333333333334147 0.017888888888888891671 0.024444444444444449194 0.030999999999999999778 0.027833333333333334925 0.024666666666666666602 0.028666666666666670155 0.037708333333333336757 0.046749999999999999889 0.045055555555555557024 0.043361111111111114158 0.041666666666666664354 0.041958333333333333592 0.042250000000000002831 0.047250000000000000333 0.052249999999999997835 0.050125000000000002887 0.048000000000000007938 0.049500000000000002331 0.049083333333333339921 0.048666666666666663632 0.048250000000000001221 0.046333333333333337478 0.04497222222222221899 0.04361111111111111438 0.042249999999999995892 0.041874999999999995559 0.041500000000000002165 0.041500000000000002165 0.041916666666666671515 0.042333333333333333925 0.042749999999999996336 0.040500000000000001277 0.040750000000000001499 0.041000000000000001721 0.041250000000000001943
0.031750000000000000444 0.020875000000000001193 0.010000000000000000208 0.01437499999999999889 0.018749999999999999306 0.0093333333333333341059 0.017333333333333332538 0.025333333333333332704 0.033333333333333332871 0.027791666666666665908 0.022250000000000002415 0.027999999999999997113 0.035166666666666665519 0.042333333333333333925 0.041472222222222222821 0.040611111111111111716 0.039750000000000000611 0.04254166666666667207 0.04533333333333333659 0.047000000000000000111 0.048666666666666663632 0.048708333333333332649 0.048750000000000001665 0.044000000000000004385 0.044777777777777784396 0.045555555555555557468 0.046333333333333337478 0.04324999999999999678 0.042944444444444444808 0.042638888888888892836 0.042333333333333333925 0.042499999999999996114 0.042666666666666665242 0.042666666666666665242 0.042777777777777775681 0.042888888888888893058 0.043000000000000003497 0.040333333333333332149 0.040333333333333332149 0.040333333333333332149 0.040333333333333332149
0.0240000000000000005 0.016666666666666666435 0.0093333333333333323711 0.013166666666666666796 0.017000000000000001221 0.010000000000000000208 0.015555555555555556843 0.021111111111111115213 0.026666666666666668378 0.028166666666666666241 0.029666666666666664104 0.02999999999999999889 0.031333333333333338033 0.032666666666666670238 0.037444444444444446862 0.042222222222222230426 0.04700000000000000705 0.04533333333333333659 0.04366666666666666613 0.044333333333333335702 0.045000000000000005274 0.044500000000000004829 0.044000000000000004385 0.039666666666666662577 0.040111111111111111271 0.040555555555555559966 0.041000000000000001721 0.042666666666666665242 0.042333333333333333925 0.04199999999999999567 0.041666666666666664354 0.041833333333333333481 0.042000000000000002609 0.041333333333333333037 0.041666666666666671293 0.042000000000000002609 0.042333333333333333925 0.040666666666666663466 0.040888888888888884343 0.04111111111111111216 0.041333333333333333037
0.017000000000000001221 0.013333333333333332454 0.0096666666666666654223 0.014458333333333333454 0.01924999999999999975 0.017333333333333336007 0.020805555555555556302 0.024277777777777780066 0.027750000000000000361 0.02970833333333333659 0.03166666666666666935 0.030666666666666664992 0.031458333333333331205 0.032250000000000000888 0.038944444444444448195 0.045638888888888895501 0.052333333333333335868 0.047416666666666669461 0.042500000000000003053 0.043874999999999997335 0.045249999999999998557 0.04562499999999999889 0.046000000000000006162 0.043499999999999997002 0.043333333333333334814 0.043166666666666672625 0.043000000000000003497 0.04366666666666666613 0.04277777777777778262 0.04188888888888889217 0.041000000000000001721 0.041250000000000001943 0.041500000000000002165 0.041000000000000001721 0.040833333333333339532 0.040666666666666670404 0.040500000000000001277 0.041000000000000001721 0.04058333333333333931 0.04016666666666666996 0.039750000000000000611
0.016666666666666666435 0.013583333333333332676 0.010499999999999998918 0.021749999999999998501 0.033000000000000001554 0.028999999999999998002 0.030388888888888888895 0.031777777777777779789 0.033166666666666670682 0.032083333333333338699 0.030999999999999999778 0.0384999999999999995 0.035583333333333334869 0.032666666666666670238 0.038361111111111109717 0.044055555555555556135 0.049750000000000002554 0.045208333333333336479 0.040666666666666663466 0.041333333333333333037 0.042000000000000002609 0.044499999999999997891 0.047000000000000000111 0.041466666666666672503 0.041755555555555559644 0.042044444444444446785 0.042333333333333333925 0.041500000000000002165 0.041222222222222229537 0.040944444444444443032 0.040666666666666663466 0.040999999999999994782 0.041333333333333333037 0.042000000000000002609 0.041666666666666671293 0.041333333333333333037 0.041000000000000001721 0.041000000000000001721 0.040777777777777780843 0.040555555555555559966 0.040333333333333332149
-9999 -9999 0.011000000000000001096 0.022375000000000002526 0.03375000000000000222 0.040666666666666663466 0.040194444444444449305 0.039722222222222221266 0.039250000000000000167 0.035625000000000003886 0.032000000000000000666 0.042333333333333333925 0.039166666666666669072 0.036000000000000004219 0.040666666666666670404 0.045333333333333343529 0.050000000000000009714 0.042833333333333341308 0.035666666666666672902 0.041500000000000009104 0.047333333333333338366 0.046833333333333337922 0.046333333333333337478 0.04366666666666666613 0.04319444444444444503 0.04272222222222223087 0.042250000000000002831 0.042333333333333333925 0.041972222222222223265 0.041611111111111112604 0.041250000000000001943 0.04129166666666667096 0.041333333333333333037 0.042500000000000003053 0.04183333333333334042 0.041166666666666670849 0.040500000000000001277 0.041000000000000001721 0.040666666666666670404 0.040333333333333339088 0.040000000000000000833
-9999 -9999 -9999 0.023500000000000000056 0.035333333333333334647 0.049000000000000008826 0.049777777777777781898 0.050555555555555561908 0.051333333333333341919 0.054916666666666669183 0.058499999999999996447 0.055333333333333338533 0.051500000000000004108 0.047666666666666669683 0.047222222222222234866 0.046777777777777779233 0.046333333333333337478 0.044041666666666673402 0.041750000000000002387 0.047375000000000000444 0.052999999999999998501 0.051000000000000003664 0.049000000000000008826 0.045999999999999999223 0.044666666666666667018 0.043333333333333334814 0.042000000000000002609 0.042000000000000002609 0.04188888888888889217 0.041777777777777774793 0.041666666666666664354 0.04170833333333333337 0.041750000000000002387 0.042000000000000002609 0.041444444444444450415 0.040888888888888891282 0.040333333333333332149 0.041250000000000001943 0.040916666666666670626 0.04058333333333333931 0.040250000000000001055
-9999 -9999 -9999 -9999 0.03600000000000005973 0.051499999999999997169 0.054111111111111109828 0.056722222222222222487 0.059333333333333328208 0.063166666666666662633 0.067000000000000003997 0.060999999999999998668 0.060124999999999997891 0.059249999999999997113 0.057749999999999995781 0.056249999999999994449 0.054749999999999993117 0.055874999999999994116 0.056999999999999995115 0.056833333333333332926 0.056666666666666670737 0.052083333333333335646 0.047500000000000000555 0.046000000000000006162 0.045555555555555557468 0.045111111111111115712 0.044666666666666667018 0.042500000000000003053 0.042222222222222223487 0.041944444444444450859 0.041666666666666664354 0.041666666666666664354 0.041666666666666664354 0.041333333333333333037 0.040666666666666670404 0.040000000000000000833 0.039333333333333331261 0.040666666666666663466 0.040666666666666663466 0.040666666666666670404 0.040666666666666663466
-9999 -9999 -9999 -9999 -9999 0.051000000000000059175 0.054166666666666668517 0.05733333333333333337 0.060499999999999998224 0.06228333333333332944 0.064066666666666660657 0.0625 0.062249999999999999778 0.061999999999999999556 0.060555555555555556912 0.059111111111111114269 0.057666666666666664687 0.058333333333333334259 0.058999999999999996891 0.055999999999999994227 0.052999999999999998501 0.050000000000000002776 0.04700000000000000705 0.048666666666666670571 0.047444444444444448805 0.0462222222222222201 0.044999999999999998335 0.043333333333333334814 0.043663888888888884032 0.04399444444444444019 0.044324999999999989408 0.042995833333333330351 0.041666666666666664354 0.041000000000000001721 0.040833333333333339532 0.040666666666666670404 0.040500000000000001277 0.040500000000000001277 0.040500000000000001277 0.040500000000000001277 0.040500000000000001277
-9999 -9999 -9999 -9999 -9999 -9999 -9999 0.055666666666666669849 0.060499999999999998224 0.06124999999999999889 0.061999999999999999556 0.060666666666666667351 0.060666666666666667351 0.060666666666666667351 0.060444444444444439535 0.060222222222222218657 0.05999999999999999778 0.055999999999999994227 0.051999999999999997613 0.055166666666666662466 0.05833333333333332732 0.053666666666666668073 0.049000000000000001887 0.047500000000000000555 0.047000000000000000111 0.046499999999999999667 0.046000000000000006162 0.044333333333333335702 0.044077777777777785162 0.043822222222222220744 0.043566666666666663266 0.043158333333333326332 0.042749999999999996336 0.042000000000000002609 0.041666666666666671293 0.041333333333333333037 0.041000000000000001721 0.040333333333333332149 0.040444444444444442588 0.040555555555555553027 0.040666666666666663466
-9999 -9999 -9999 -9999 -9999 -9999 -9999 -9999 0.055499999999999993783 0.060333333333333336035 0.061666666666666668239 0.059666666666666666463 0.060333333333333336035 0.060999999999999998668 0.061166666666666667795 0.061333333333333329984 0.061499999999999999112 0.05999999999999999778 0.058499999999999996447 0.055249999999999993561 0.051999999999999997613 0.054999999999999993339 0.057999999999999996003 0.049000000000000008826 0.048222222222222235755 0.047444444444444448805 0.046666666666666668795 0.045749999999999999001 0.045499999999999998779 0.045249999999999998557 0.044999999999999998335 0.044333333333333335702 0.04366666666666666613 0.042250000000000002831 0.041722222222222223043 0.041194444444444450193 0.040666666666666663466 0.040666666666666663466 0.040666666666666670404 0.040666666666666663466 0.040666666666666663466
-9999 -9999 -9999 -9999 -9999 -9999 -9999 -9999 -9999 -9999 0.060166666666666659968 0.059666666666666666463 0.059333333333333335147 0.058999999999999996891 0.059666666666666666463 0.060333333333333336035 0.060999999999999998668 0.061833333333333330428 0.062666666666666662189 0.059708333333333328541 0.056749999999999994893 0.057541666666666657637 0.05833333333333332732 0.053666666666666668073 0.052777777777777784562 0.051888888888888901052 0.051000000000000003664 0.048666666666666670571 0.048000000000000000999 0.047333333333333338366 0.046666666666666668795 0.045458333333333336701 0.044249999999999997669 0.043333333333333334814 0.042972222222222224153 0.042611111111111113492 0.042250000000000002831 0.040750000000000001499 0.040666666666666670404 0.040583333333333332371 0.040500000000000001277
-9999 -9999 -9999 -9999 -9999 -9999 -9999 -9999 -9999 -9999 -9999 0.05999999999999999778 0.059374999999999997224 0.058749999999999996669 0.058611111111111113825 0.058472222222222217103 0.05833333333333332732 0.059833333333333328652 0.061333333333333329984 0.060333333333333329096 0.059333333333333328208 0.056166666666666663355 0.052999999999999998501 0.05650000000000000161 0.053555555555555564573 0.050611111111111120597 0.047666666666666669683 0.053666666666666668073 0.052611111111111108496 0.051555555555555562797 0.05050000000000000322 0.047083333333333338144 0.04366666666666666613 0.044000000000000004385 0.043888888888888893947 0.043777777777777776569 0.04366666666666666613 0.041666666666666664354 0.041666666666666671293 0.041666666666666664354 0.041666666666666664354
-9999 -9999 -9999 -9999 -9999 -9999 -9999 -9999 -9999 -9999 -9999 -9999 -9999 0.058999999999999996891 0.058916666666666665797 0.058833333333333334703 0.058749999999999996669 0.055624999999999993894 0.052499999999999998057 0.056749999999999994893 0.060999999999999998668 0.058999999999999996891 0.056999999999999995115 0.050333333333333334092 0.05180555555555555608 0.053277777777777785007 0.054750000000000000056 0.052999999999999998501 0.052555555555555556746 0.052111111111111108052 0.051666666666666666297 0.049000000000000001887 0.046333333333333337478 0.044749999999999998113 0.044333333333333335702 0.043916666666666666352 0.043499999999999997002 0.04366666666666666613 0.043444444444444452191 0.043222222222222224375 0.043000000000000003497
-9999 -9999 -9999 -9999 -9999 -9999 -9999 -9999 -9999 -9999 -9999 -9999 -9999 -9999 -9999 0.061620000000000001161 0.058499999999999996447 0.052250000000000004774 0.046000000000000006162 0.054000000000000006328 0.061999999999999999556 0.061166666666666660856 0.060333333333333329096 0.054666666666666668961 0.053777777777777785451 0.052888888888888895001 0.051999999999999997613 0.053666666666666668073 0.052777777777777784562 0.051888888888888887174 0.050999999999999996725 0.04937500000000000222 0.047750000000000000777 0.045666666666666667906 0.045111111111111115712 0.044555555555555556579 0.044000000000000004385 0.043999999999999997446 0.043833333333333335258 0.04366666666666666613 0.043499999999999997002
-9999 -9999 -9999 -9999 -9999 -9999 -9999 -9999 -9999 -9999 -9999 -9999 -9999 -9999 -9999 -9999 0.059249999999999997113 0.064239999999999991553 0.045666666666666667906 0.057050000000000003486 0.068433333333333332127 0.063341666666666657237 0.058249999999999996225 0.057499999999999995559 0.057111111111111112493 0.056722222222222215549 0.056333333333333325543 0.055000000000000000278 0.055083333333333331372 0.055166666666666669405 0.0552500000000000005 0.053458333333333329929 0.051666666666666666297 0.045666666666666667906 0.045666666666666667906 0.045666666666666667906 0.045666666666666667906 0.044333333333333335702 0.044333333333333335702 0.044333333333333335702 0.044333333333333335702
