examples/shallow_reservoirs_case/rasters/diamond_exp_005_norm_linear.asc
ncols        120
nrows        80
xllcorner    0.000000000000
yllcorner    -0.000391944000
cellsize     0.050000000000
NODATA_value  -9999
[rows 0 to 17 of 80, columns 41 to 81 of 120]
-9999 -9999 -9999 -9999 -9999 -9999 -9999 -9999 -9999 -9999 -9999 -9999 -9999 -9999 -9999 -9999 -9999 -9999 -9999 0.052749999999999998279 -9999 -9999 -9999 -9999 -9999 -9999 -9999 -9999 -9999 -9999 -9999 -9999 -9999 -9999 -9999 -9999 -9999 -9999 -9999 -9999 -9999
-9999 -9999 -9999 -9999 -9999 -9999 -9999 -9999 -9999 -9999 -9999 -9999 -9999 -9999 -9999 -9999 0.054333333333333337645 0.054555555555555565461 0.054777777777777786339 0.055000000000000000278 0.052999999999999998501 0.050999999999999996725 -9999 -9999 -9999 -9999 -9999 -9999 -9999 -9999 -9999 -9999 -9999 -9999 -9999 -9999 -9999 -9999 -9999 -9999 -9999
-9999 -9999 -9999 -9999 -9999 -9999 -9999 -9999 -9999 -9999 -9999 -9999 -9999 -9999 0.052499999999999998057 0.053916666666666668295 0.055333333333333338533 0.055555555555555552472 0.055777777777777780288 0.056000000000000001166 0.053499999999999998945 0.050999999999999996725 0.051999999999999997613 0.052999999999999998501 -9999 -9999 -9999 -9999 -9999 -9999 -9999 -9999 -9999 -9999 -9999 -9999 -9999 -9999 -9999 -9999 -9999
-9999 -9999 -9999 -9999 -9999 -9999 -9999 -9999 -9999 -9999 -9999 -9999 -9999 0.056000000000000001166 0.053249999999999998723 0.054374999999999999722 0.055500000000000000722 0.055777777777777780288 0.056055555555555566793 0.056333333333333339421 0.053916666666666668295 0.051499999999999997169 0.052249999999999997835 0.052999999999999998501 0.050999999999999996725 -9999 -9999 -9999 -9999 -9999 -9999 -9999 -9999 -9999 -9999 -9999 -9999 -9999 -9999 -9999 -9999
-9999 -9999 -9999 -9999 -9999 -9999 -9999 -9999 -9999 -9999 -9999 0.056000000000000001166 0.056874999999999995004 0.057749999999999995781 0.055666666666666669849 0.056333333333333332482 0.057000000000000002054 0.057166666666666671182 0.05733333333333333337 0.057500000000000002498 0.055083333333333331372 0.052666666666666667185 0.053500000000000005884 0.054333333333333337645 0.053499999999999998945 0.052249999999999997835 0.050999999999999996725 -9999 -9999 -9999 -9999 -9999 -9999 -9999 -9999 -9999 -9999 -9999 -9999 -9999 -9999
-9999 -9999 -9999 -9999 -9999 -9999 -9999 -9999 -9999 0.0552500000000000005 0.057166666666666664243 0.057666666666666664687 0.057833333333333333814 0.058000000000000002942 0.05833333333333332732 0.057999999999999996003 0.057666666666666671626 0.057666666666666678565 0.057666666666666671626 0.057666666666666671626 0.055833333333333332038 0.053999999999999999389 0.053999999999999999389 0.053999999999999999389 0.053666666666666668073 0.053333333333333329818 0.052999999999999998501 0.051555555555555555858 0.052499999999999998057 -9999 -9999 -9999 -9999 -9999 -9999 -9999 -9999 -9999 -9999 -9999 -9999
-9999 -9999 -9999 -9999 -9999 -9999 -9999 -9999 0.05733333333333333337 0.05833333333333332732 0.058833333333333327764 0.059333333333333328208 0.058833333333333327764 0.05833333333333332732 0.058749999999999996669 0.058124999999999996114 0.057500000000000002498 0.057777777777777775126 0.058055555555555554692 0.05833333333333332732 0.057166666666666664243 0.056000000000000001166 0.0552500000000000005 0.054499999999999999833 0.055000000000000000278 0.054333333333333330706 0.053666666666666668073 0.052666666666666667185 0.051666666666666666297 0.050666666666666665408 -9999 -9999 -9999 -9999 -9999 -9999 -9999 -9999 -9999 -9999 -9999
-9999 -9999 -9999 -9999 -9999 -9999 0.057500000000000002498 0.057888888888888892503 0.058277777777777782509 0.058666666666666665575 0.059333333333333335147 0.05999999999999999778 0.059749999999999997558 0.059499999999999997335 0.05833333333333332732 0.058166666666666665131 0.058000000000000002942 0.057888888888888899442 0.057777777777777789003 0.057666666666666671626 0.056833333333333332926 0.056000000000000001166 0.055833333333333332038 0.055666666666666669849 0.055500000000000000722 0.055125000000000000389 0.054750000000000000056 0.054166666666666668517 0.05358333333333333004 0.052999999999999998501 0.052499999999999998057 0.051999999999999997613 -9999 -9999 -9999 -9999 -9999 -9999 -9999 -9999 -9999
-9999 -9999 -9999 -9999 0.058000000000000002942 0.058499999999999996447 0.058999999999999996891 0.059083333333333334925 0.059166666666666666019 0.059249999999999997113 0.058958333333333334814 0.058666666666666665575 0.058666666666666665575 0.058666666666666665575 0.057999999999999996003 0.058333333333333334259 0.058666666666666665575 0.058444444444444451636 0.058222222222222230759 0.058000000000000002942 0.057166666666666671182 0.056333333333333339421 0.056333333333333339421 0.056333333333333339421 0.055666666666666669849 0.055166666666666669405 0.054666666666666668961 0.054111111111111109828 0.053555555555555557634 0.052999999999999998501 0.052999999999999998501 0.052999999999999998501 0.052499999999999998057 0.051999999999999997613 -9999 -9999 -9999 -9999 -9999 -9999 -9999
-9999 -9999 -9999 0.058999999999999996891 0.059499999999999997335 0.059249999999999997113 0.058999999999999996891 0.058666666666666665575 0.058333333333333334259 0.057999999999999996003 0.058499999999999996447 0.058999999999999996891 0.058666666666666658636 0.05833333333333332732 0.056750000000000001832 0.057125000000000002165 0.057500000000000002498 0.057583333333333333592 0.057666666666666671626 0.05775000000000000272 0.057000000000000002054 0.056250000000000001388 0.056375000000000001499 0.05650000000000000161 0.055666666666666669849 0.055166666666666669405 0.054666666666666668961 0.054555555555555565461 0.054444444444444448084 0.054333333333333337645 0.054000000000000006328 0.053666666666666668073 0.05245833333333332904 0.051249999999999996947 0.050999999999999996725 -9999 -9999 -9999 -9999 -9999 -9999
-9999 0.059333333333333328208 0.05999999999999999778 0.058666666666666665575 0.060666666666666667351 0.060333333333333336035 0.05999999999999999778 0.059222222222222224708 0.058444444444444451636 0.057666666666666671626 0.057833333333333333814 0.057999999999999996003 0.057749999999999995781 0.057500000000000002498 0.055666666666666669849 0.056000000000000008105 0.056333333333333339421 0.056555555555555567238 0.056777777777777781176 0.057000000000000002054 0.057500000000000002498 0.058000000000000002942 0.057666666666666671626 0.057333333333333340309 0.056000000000000001166 0.055500000000000000722 0.055000000000000000278 0.055000000000000007216 0.055000000000000007216 0.055000000000000000278 0.054166666666666668517 0.053333333333333336757 0.053500000000000005884 0.053666666666666668073 0.051666666666666666297 0.05050000000000000322 0.042499999999999996114 -9999 -9999 -9999 -9999
0.060600000000000001088 0.060999999999999998668 0.05999999999999999778 0.058999999999999996891 0.060333333333333329096 0.059541666666666659413 0.058749999999999996669 0.058416666666666672292 0.058083333333333334036 0.05775000000000000272 0.057208333333333333259 0.056666666666666670737 0.056666666666666670737 0.056666666666666670737 0.055333333333333338533 0.056166666666666670293 0.057000000000000002054 0.056777777777777788115 0.056555555555555560299 0.056333333333333339421 0.057166666666666671182 0.057999999999999996003 0.05733333333333333337 0.056666666666666670737 0.055000000000000000278 0.055166666666666669405 0.055333333333333338533 0.05555555555555555941 0.055777777777777773349 0.056000000000000001166 0.055375000000000000611 0.054750000000000000056 0.054374999999999999722 0.053999999999999999389 0.052666666666666667185 0.051333333333333341919 0.050000000000000009714 0.041749999999999995448 0.05050000000000000322 -9999 -9999
0.061333333333333336923 0.060666666666666667351 0.060583333333333336257 0.060499999999999998224 0.059499999999999997335 0.059416666666666659302 0.059333333333333328208 0.058666666666666672514 0.058000000000000009881 0.057333333333333340309 0.057000000000000008993 0.056666666666666670737 0.056333333333333332482 0.056000000000000001166 0.055750000000000000944 0.055875000000000001055 0.056000000000000001166 0.055777777777777780288 0.055555555555555552472 0.055333333333333338533 0.055916666666666670071 0.05650000000000000161 0.056250000000000001388 0.056000000000000001166 0.054750000000000000056 0.054875000000000000167 0.055000000000000000278 0.055222222222222228094 0.055444444444444448972 0.055666666666666669849 0.054500000000000006772 0.053333333333333336757 0.05329166666666666774 0.053249999999999998723 0.053249999999999998723 0.051958333333333328596 0.050666666666666665408 0.044777777777777777457 0.038888888888888889506 0.033000000000000001554 -9999
0.061124999999999998779 0.060499999999999998224 0.060583333333333336257 0.060666666666666667351 0.057999999999999996003 0.057499999999999995559 0.057000000000000002054 0.056222222222222228982 0.055444444444444448972 0.054666666666666668961 0.05483333333333333115 0.055000000000000000278 0.054333333333333330706 0.053666666666666668073 0.055333333333333338533 0.055333333333333338533 0.055333333333333338533 0.055111111111111117655 0.054888888888888889839 0.054666666666666668961 0.055166666666666669405 0.055666666666666669849 0.055333333333333331594 0.055000000000000000278 0.054666666666666668961 0.054708333333333331039 0.054750000000000000056 0.054388888888888889395 0.054027777777777778734 0.053666666666666668073 0.053833333333333330262 0.053999999999999999389 0.053833333333333330262 0.053666666666666668073 0.054333333333333337645 0.052166666666666666741 0.050000000000000002776 0.04408333333333333548 0.038166666666666668184 0.032250000000000000888 0.049000000000000001887
0.058666666666666665575 0.058666666666666665575 0.059583333333333335369 0.060499999999999998224 0.056000000000000001166 0.056000000000000001166 0.056000000000000001166 0.055083333333333331372 0.054166666666666668517 0.053249999999999998723 0.052958333333333329485 0.052666666666666667185 0.052666666666666667185 0.052666666666666667185 0.053999999999999999389 0.053833333333333330262 0.053666666666666668073 0.053361111111111109162 0.053055555555555564129 0.052749999999999998279 0.053374999999999998834 0.053999999999999999389 0.054333333333333330706 0.054666666666666668961 0.054666666666666668961 0.054166666666666668517 0.053666666666666668073 0.053611111111111116323 0.053555555555555557634 0.053499999999999998945 0.053624999999999999056 0.053749999999999999167 0.0541249999999999995 0.054499999999999999833 0.054750000000000000056 0.053041666666666667518 0.05133333333333333498 0.043777777777777783508 0.036222222222222225096 0.028666666666666663216 0.048750000000000001665
0.059166666666666666019 0.059666666666666666463 0.059499999999999997335 0.059333333333333328208 0.056000000000000001166 0.05483333333333333115 0.053666666666666668073 0.053666666666666668073 0.053666666666666668073 0.053666666666666668073 0.053166666666666667629 0.052666666666666667185 0.052708333333333329263 0.052749999999999998279 0.053749999999999999167 0.053499999999999998945 0.053249999999999998723 0.052944444444444446751 0.05263888888888888784 0.052333333333333335868 0.053041666666666667518 0.053749999999999999167 0.053874999999999999278 0.053999999999999999389 0.054249999999999999611 0.05329166666666666774 0.052333333333333335868 0.052777777777777777624 0.053222222222222226318 0.053666666666666668073 0.053333333333333329818 0.052999999999999998501 0.053666666666666668073 0.054333333333333337645 0.053333333333333336757 0.052666666666666667185 0.051999999999999997613 0.049000000000000001887 0.046000000000000006162 0.043000000000000003497 0.049333333333333340143
0.057874999999999995892 0.057500000000000002498 0.056750000000000001832 0.056000000000000001166 0.054666666666666668961 0.054458333333333330817 0.054249999999999999611 0.053722222222222226762 0.053194444444444446973 0.052666666666666667185 0.052708333333333329263 0.052749999999999998279 0.052541666666666667074 0.052333333333333335868 0.052666666666666667185 0.052333333333333328929 0.051999999999999997613 0.051333333333333341919 0.050666666666666679286 0.050000000000000009714 0.051000000000000003664 0.051999999999999997613 0.051999999999999997613 0.051999999999999997613 0.052333333333333335868 0.05204166666666666663 0.051749999999999997391 0.051833333333333335424 0.051916666666666666519 0.051999999999999997613 0.052124999999999997724 0.052249999999999997835 0.052958333333333329485 0.053666666666666668073 0.053333333333333336757 0.053541666666666667962 0.053749999999999999167 0.052083333333333335646 0.050416666666666665186 0.048750000000000001665 0.05133333333333333498
0.054333333333333330706 0.054666666666666668961 0.055458333333333331705 0.056250000000000001388 0.053499999999999998945 0.053249999999999998723 0.052999999999999998501 0.052416666666666666963 0.051833333333333335424 0.051249999999999996947 0.051458333333333328152 0.051666666666666666297 0.051166666666666665853 0.050666666666666665408 0.05133333333333333498 0.050833333333333334536 0.050333333333333334092 0.050000000000000002776 0.049666666666666671459 0.049333333333333340143 0.049833333333333340587 0.050333333333333334092 0.050166666666666664964 0.049999999999999995837 0.050666666666666665408 0.050333333333333341031 0.050000000000000009714 0.050666666666666679286 0.051333333333333341919 0.051999999999999997613 0.051666666666666666297 0.05133333333333333498 0.051291666666666665964 0.051249999999999996947 0.052749999999999998279 0.053708333333333330151 0.054666666666666668961 0.05311111111111110894 0.051555555555555555858 0.049999999999999995837 0.050999999999999996725
