examples/shallow_reservoirs_case/rasters/diamond_sim_01_norm_cubic.asc
ncols        60
nrows        40
xllcorner    0.000000000000
yllcorner    -0.000391944000
cellsize     0.100000000000
NODATA_value  -9999
[rows 0 to 20 of 40, columns 0 to 46 of 60]
-9999.0 -9999 -9999 -9999 -9999 -9999 -9999 -9999 -9999 -9999 -9999 -9999 -9999 -9999 -9999 -9999 -9999 -9999 -9999 -9999 -9999 -9999 -9999 -9999 -9999 -9999 -9999 -9999 0.053421594999999995335 0.053943866816161464839 0.053449480857142857293 0.051219752666666666652 -9999 -9999 -9999 -9999 -9999 -9999 -9999 -9999 -9999 -9999 -9999 -9999 -9999 -9999 -9999
-9999 -9999 -9999 -9999 -9999 -9999 -9999 -9999 -9999 -9999 -9999 -9999 -9999 -9999 -9999 -9999 -9999 -9999 -9999 -9999 -9999 -9999 -9999 -9999 -9999 -9999 -9999 0.054211946857142860601 0.054044004285714285218 0.054586065784028456327 0.054155596333333333448 0.051884389857142852731 0.051611336285714286276 -9999 -9999 -9999 -9999 -9999 -9999 -9999 -9999 -9999 -9999 -9999 -9999 -9999 -9999
-9999 -9999 -9999 -9999 -9999 -9999 -9999 -9999 -9999 -9999 -9999 -9999 -9999 -9999 -9999 -9999 -9999 -9999 -9999 -9999 -9999 -9999 -9999 -9999 -9999 0.05519402197133171234 0.055594584250000002312 0.054996472153846148734 0.054322456500000004809 0.054245530620299943492 0.053955947714285724948 0.052872508666666657995 0.05204194184615384966 0.05082641949999999742 0.051101070816707228062 -9999 -9999 -9999 -9999 -9999 -9999 -9999 -9999 -9999 -9999 -9999 -9999
-9999 -9999 -9999 -9999 -9999 -9999 -9999 -9999 -9999 -9999 -9999 -9999 -9999 -9999 -9999 -9999 -9999 -9999 -9999 -9999 -9999 -9999 -9999 0.055578504500000000532 0.055089294934844851293 0.054833331833333331939 0.054799154285714295198 0.054039327428571426459 0.053611901714285710441 0.053290383879684433133 0.053105522500000001962 0.052948080285714287097 0.052275072714285719666 0.051139380714285712082 0.050611215227749972723 0.05037099683333332717 0.049974533500000001274 -9999 -9999 -9999 -9999 -9999 -9999 -9999 -9999 -9999 -9999
-9999 -9999 -9999 -9999 -9999 -9999 -9999 -9999 -9999 -9999 -9999 -9999 -9999 -9999 -9999 -9999 -9999 -9999 -9999 -9999 -9999 -9999 0.05582159783333334041 0.055035141142857138541 0.054086799726260605115 0.053436674999999995983 0.053067982166666666233 0.052043903846153843906 0.052087247285714281808 0.051728845415036292521 0.051672409285714281102 0.052337309285714284091 0.051907666230769228255 0.05100128166666666879 0.05082179974360716973 0.050771701999999994948 0.050114215142857139462 0.049344456500000001553 -9999 -9999 -9999 -9999 -9999 -9999 -9999 -9999 -9999
-9999 -9999 -9999 -9999 -9999 -9999 -9999 -9999 -9999 -9999 -9999 -9999 -9999 -9999 -9999 -9999 -9999 -9999 -9999 -9999 0.056034683168545221243 0.056081886999999996934 0.055279604916666669201 0.05331078399999999301 0.052283448734881304842 0.051625263571428568754 0.050648895285714291836 0.05010103930769231606 0.050410807000000001921 0.049795168763672827128 0.049531578999999999191 0.050750730166666674359 0.050528606769230773044 0.050203129142857141898 0.050367177642527113934 0.050332305857142857486 0.049925015857142852893 0.049175875083333327187 0.042649972333333341368 0.048087501225106160652 -9999 -9999 -9999 -9999 -9999 -9999 -9999
-9999 -9999 -9999 -9999 -9999 -9999 -9999 -9999 -9999 -9999 -9999 -9999 -9999 -9999 -9999 -9999 -9999 -9999 0.055883534999999998072 0.055308092780275118494 0.054937880000000001435 0.054775989428571432438 0.05352783021428571264 0.050815970500000001708 0.049399119347429895632 0.048809435999999990774 0.047968326857142855324 0.047869676785714285194 0.048188436857142864789 0.047632431871708250104 0.047249800833333334416 0.048201125714285711354 0.048515195500000003748 0.048369103285714289131 0.048727847027071405361 0.048969358999999997029 0.04904386316666666662 0.049283387642857147404 0.044053023857142860342 0.041692672336726056825 0.041571776428571426132 -9999 -9999 -9999 -9999 -9999 -9999
-9999 -9999 -9999 -9999 -9999 -9999 -9999 -9999 -9999 -9999 -9999 -9999 -9999 -9999 -9999 -9999 -9999 0.055788792029289428764 0.054999481363636353037 0.053720426152931398389 0.052865114666666664089 0.052501940166666670462 0.050873614071428562011 0.04838607271428572304 0.047018581771917263012 0.046374476285714283375 0.045899331333333341643 0.04554469550000000283 0.045644998571428570255 0.045084235360337482357 0.044676672571428578673 0.045366314714285704834 0.045881542642857146841 0.046081391999999998799 0.04685220197279896942 0.047469415000000000915 0.047419783714285720921 0.048352756285714282303 0.047001130333333335232 0.046016952489315442187 0.0461701786923076965 0.047286998371363915539 0.048777415499999997317 -9999 -9999 -9999 -9999
-9999 -9999 -9999 -9999 -9999 -9999 -9999 -9999 -9999 -9999 -9999 -9999 -9999 -9999 -9999 0.056397992272222155496 0.055702121749999999878 0.054517547315715161882 0.053379217428571421045 0.051803737433214341879 0.050304790857142851757 0.049493136999999999548 0.047741453714285717047 0.045453403000000003331 0.043775417418991310892 0.043226874714285705437 0.043729801571428576767 0.043086331083333338776 0.043195763166666657773 0.042743886695563067246 0.042258552000000004778 0.042672370166666667712 0.043181067916666669715 0.043606004857142846576 0.044613810120569967477 0.045385155285714288975 0.045394833857142859179 0.046633046214285718556 0.048328178142857149135 0.048036956178313910959 0.047358533285714279892 0.048041541336251457339 0.04876382314285714753 0.048603341333333327512 0.048939890999999999255 -9999 -9999
-9999 -9999 -9999 -9999 -9999 -9999 -9999 -9999 -9999 -9999 -9999 -9999 -9999 0.056043679999999998498 0.056756522630880733293 0.056184727000000003749 0.053620667214285711033 0.05177373850232339092 0.050420178153846147151 0.049123803114544006831 0.047756377999999995165 0.046344077285714282977 0.045045477076923072512 0.042604185285714288312 0.040991617334686952789 0.040609808166666670759 0.041098059857142855977 0.040914285714285715534 0.041089882571428572311 0.040616097078339165327 0.040211210857142860864 0.040532115142857143286 0.040999199285714278684 0.040849510285714284163 0.042176859353056365964 0.043328455333333328048 0.04313050442857142841 0.044833664923076915754 0.04763842857142857462 0.048231846599471030201 0.047881459928571436235 0.048104396635364678192 0.048505036833333327329 0.048368555714285714486 0.048431278714285715126 0.04833115716666666617 -9999
-9999 -9999 -9999 -9999 -9999 -9999 -9999 -9999 -9999 -9999 -9999 -9999 0.055873890956295545196 0.055728091888888879601 0.05576246991329884134 0.054356749714285716724 0.051053275857142858818 0.049059799258208081074 0.047872583076923075351 0.046417147316553650227 0.044682537166666667916 0.042917002428571424111 0.042376089071428570121 0.040442622666666670772 0.038932985347260147535 0.038509944571428568472 0.038970188333333329045 0.038915424071428575403 0.039301541000000002335 0.038965081785605946985 0.038458643166666667268 0.0385929481428571447 0.039039428428571429364 0.038616228833333328396 0.039762639345865720408 0.041068713428571428092 0.041057685166666663124 0.042792577714285719159 0.046328627000000004166 0.047741234104877745825 0.047732885416666669121 0.047855332473076460376 0.048005261000000007399 0.047867675571428576486 0.04785647100000000459 0.048282769461538470324 0.048775928995601840199
-9999 -9999 -9999 -9999 -9999 -9999 -9999 -9999 -9999 -9999 0.056058991757362466868 0.055926430999999998672 0.054856353723627369889 0.054180661071428569409 0.053811008377318968188 0.051961131666666666995 0.047495989307692304537 0.045148272229425606694 0.044459250428571427116 0.043463433681340216119 0.041864475571428569345 0.040289811833333334656 0.039924544692307689653 0.038472753142857148145 0.037243022518824886458 0.036952552999999999095 0.037326588571428565011 0.037263629666666672757 0.037691664428571428069 0.037582520925198550921 0.037149568571428578934 0.037188934857142856572 0.037628734166666670535 0.037046495142857141514 0.037742858941580165189 0.038996924142857145035 0.039414686857142854082 0.041025064846153841414 0.044841265500000004884 0.046602589672859552616 0.046910240214285706117 0.047434782013291786062 0.047723293714285706935 0.047324256571428566231 0.047427985999999998368 0.04802988407692308781 0.048792901021413231932
-9999 -9999 -9999 -9999 -9999 -9999 -9999 -9999 -9999 0.056281979978295704203 0.055794219000000006004 0.054017661000000001537 0.052397802065163430474 0.051345886642857149762 0.050589000106934310652 0.048213456000000001755 0.043763103571428561833 0.041736375118153277997 0.041278185714285715868 0.040725990968983154239 0.039637980999999995746 0.038326641714285715479 0.038061235857142862449 0.036703841571428572066 0.035864677278431039698 0.035775320833333332238 0.036124105428571424981 0.03616163121428570687 0.036557708000000001258 0.03641342637943267152 0.036015800833333333486 0.035942086499999997828 0.036119541500000004741 0.035626248000000006189 0.036398592704862731129 0.037433653666666670545 0.037872191571428577561 0.039683955571428571052 0.043400088428571424737 0.045185049340535958506 0.045851221142857147284 0.046737207519556595026 0.047411218857142854721 0.047170104285714289927 0.047071328142857145338 0.047800176785714292016 0.048583412462169510426
-9999 -9999 -9999 -9999 -9999 -9999 -9999 0.054947051563723904588 0.056452921000000003127 0.051193974833333329155 0.051488071000000003308 0.049972445642857146741 0.04897415993198060008 0.048662866833333338901 0.047274231212035902616 0.044557935714285713813 0.0413436870000000109 0.03970605353063955123 0.039255157538461538103 0.038850861386387228191 0.038033876571428572311 0.037027231571428571855 0.036709345000000004333 0.035563538142857141489 0.03485340198375885129 0.034856652714285715766 0.035280273166666660523 0.035358034214285717634 0.035606107428571426299 0.035541449159554830417 0.035223840333333332475 0.034900170571428572319 0.034951509785714290901 0.034775813833333328595 0.035491373619202105927 0.036250419428571427349 0.036539680142857147715 0.038554707000000000561 0.042089405428571431689 0.043947119913316873285 0.04466836428571429457 0.045875921504548423935 0.046996083500000000732 0.047217298666666664142 0.047152187571428569313 0.04759448246153847456 0.04833053283574937492
-9999 -9999 -9999 -9999 -9999 0.0520482459999999994 0.051508268599999997017 0.05445461941373484771 0.052127127142857145048 0.042737616999999998579 0.045310789500000003827 0.046161126999999989307 0.04572551402860247638 0.045570280857142861364 0.04429028774391347012 0.042063639285714285454 0.0394395088461538465 0.038282423835490506092 0.037986623615384615404 0.037603864176514317785 0.036965900666666669239 0.036293921833333332716 0.035927284357142853788 0.034750610500000007896 0.03409687310424120571 0.03412770471428571567 0.034451944571428569364 0.034634788923076927081 0.034953443714285707677 0.034954693334894759715 0.034624774714285717903 0.034219891571428573407 0.034197660999999997256 0.034260825571428572822 0.034812021335163832736 0.035468556142857141089 0.035986943000000000403 0.037600806357142857461 0.041034277500000000682 0.04266681013105897563 0.043799566416666664559 0.045386400948840249781 0.046680482142857145089 0.047160277857142864077 0.047462776166666664768 0.04747680971428570873 0.047949918212596948086
-9999 -9999 -9999 -9999 0.04619085340344422641 0.047491749444444446293 0.043589952857142851006 0.045384685494044868515 0.045583238428571419554 0.037066553857142858774 0.046484949142857133475 0.045171369583333335906 0.043192306456390078262 0.042759670571428563812 0.041937377708329996728 0.040328043857142857609 0.038401889071428572942 0.037422622721589922368 0.037044620571428578393 0.036566686883414557807 0.035999637285714279622 0.03559692414285714479 0.035306225214285717751 0.034211511571428571132 0.033914505785978800445 0.033962449666666665038 0.033702720428571426858 0.033793580999999996151 0.03425122299999999731 0.034325702663300851347 0.03406031649999999994 0.033691576166666667436 0.033750754846153835365 0.034085790571428568885 0.034400419229837553292 0.034834364833333332501 0.035592915714285709716 0.037165333000000001784 0.039998105714285712986 0.041811011878037478151 0.042925637071428580926 0.044360231281390903602 0.045790157428571433285 0.046737280714285713012 0.047587980000000008884 0.046990553071428568799 0.04775121431134991129
-9999 -9999 0.034172873999999998917 0.037363582942094554495 0.040296524999999992767 0.040592408214285717605 0.038824266666666669423 0.041048435293322346751 0.041439363833333332787 0.039124226499999997797 0.044492171428571425373 0.043414934142857138089 0.041771876688896009133 0.041172139999999995963 0.040298992385458816401 0.038942850571428565265 0.037532568857142858954 0.03684064102102917182 0.036462991285714285716 0.036027600696728341589 0.035540739428571430092 0.03518911371428571494 0.035010848785714289433 0.034020881285714288378 0.03388291292979411784 0.033961858571428568676 0.033293193333333331863 0.033247546999999995354 0.033648067714285717633 0.03373184038832276882 0.033590531285714285425 0.033461085714285708492 0.033740556499999997675 0.034223088999999998205 0.034569705204766695839 0.034858051999999993542 0.035357240428571433399 0.036832566928571418285 0.039406651285714286437 0.041150393173575522399 0.042286814571428577025 0.0436200249418586955 0.044924545571428567414 0.046075105142857133989 0.047513929000000003355 0.046687483230769225018 0.047226429309223452724
-9999 0.030177336493460590883 0.029458359272727274725 0.030291936467875667238 0.031594925999999995403 0.036201613692307697823 0.039602801714285713885 0.042039043119937037629 0.042456652142857140286 0.041316957142857144158 0.043950049285714290481 0.041946939428571423936 0.040773158848461367454 0.040373298538461541152 0.039645901834144112175 0.038484070333333335323 0.037135514384615382621 0.03649349256606181785 0.036133979615384614892 0.035660307927357914881 0.035231083285714281939 0.035102250571428572634 0.034869304916666669925 0.033918552428571432933 0.033714283598891128801 0.033604628428571425847 0.032917256142857141687 0.032894614071428573965 0.032992943285714289303 0.033017080441563380344 0.03310538699999999307 0.033430613857142861545 0.033866866642857144931 0.034222843428571424196 0.034718752010420066145 0.034989822428571425161 0.035170572857142853862 0.036651856333333329707 0.039364059428571428201 0.040998707435381163966 0.042043789928571433101 0.043247079341656204099 0.044454056999999998212 0.045664444666666664796 0.047165044571428574316 0.047037484923076924859 0.047914965900821282485
0.032880694000000001975 0.02276210085714285708 0.027309004214285718948 0.03099827820434494785 0.032728946142857144597 0.035706031857142862818 0.042163725142857141903 0.044531398056145442277 0.04336027014285714215 0.041702028833333328051 0.044160156499999998758 0.041519751153846144731 0.040063980645860232388 0.039881494785714281803 0.039161448538880462567 0.038055506428571424238 0.037088004769230770163 0.036585203281070635684 0.036240423846153849152 0.035748942554207130406 0.035263129833333330121 0.03499102933333333304 0.034616248642857144757 0.033663889500000002131 0.033322039851085713535 0.033244320833333333709 0.032969959142857142853 0.032595424166666671362 0.032514028999999999847 0.032341216147420706606 0.032496577571428576781 0.033396789333333336269 0.033843754833333336562 0.033902738142857144488 0.034401890045350297376 0.034848550833333331866 0.034778897166666662699 0.036669096928571419391 0.039510201833333334631 0.041154406778448615611 0.042021145833333335695 0.043049384420977429566 0.04422719971428571567 0.045377010999999987939 0.047023550333333330453 0.047488266071428565651 0.048463387740402062709
0.027164545249999998144 0.024065362571428570992 0.031175161142857142627 0.035455530999986398233 0.036500951999999996234 0.038818610846153851768 0.0442514698571428583 0.047348834511158809091 0.04657915071428571363 0.04291337342857142606 0.043432615714285707775 0.04071564528571428726 0.039116785694771318005 0.038957091214285713421 0.03847292460267679598 0.037674174142857140557 0.037045063428571431419 0.036471271491245862983 0.035893407499999988031 0.035436666652622600404 0.035081594714285714576 0.034733286714285709074 0.034211845714285711584 0.033616874428571426325 0.033287714693642223018 0.033299781714285714429 0.033360613142857140079 0.032642959928571434192 0.032434631285714284055 0.032446078687850730959 0.032613303666666669522 0.033021876142857141401 0.033483871357142855341 0.033568583428571434346 0.034056636783703957139 0.034435207714285709368 0.034730211142857139728 0.036909280428571430988 0.039894933000000007417 0.041545276571138191335 0.042515916571428565007 0.04356655496173033465 0.044751957571428566118 0.045955801000000004453 0.047132591142857137301 0.048444456500000003529 0.049691848011408489005
0.018303753249999998864 0.023295825166666662281 0.040168669357142861021 0.046134621539645419286 0.04587135771428572234 0.04693368066666667171 0.046863151857142855417 0.049501019807521015603 0.049768908166666660231 0.044579712428571435789 0.044827723857142856567 0.041661268538461533606 0.039714511634455253175 0.039262235307692308628 0.038667171489496582337 0.037900396285714281486 0.037187464142857139249 0.036533093521119656966 0.035986602500000006155 0.035529066828547908874 0.035111337142857142191 0.034645944285714283528 0.0339586900714285711 0.033937975714285716078 0.033913184717714039973 0.033843153571428571946 0.033703474666666670412 0.032874098142857140215 0.032784798285714282506 0.032844666343145582921 0.032918763666666663037 0.033137796142857139925 0.033413851571428572484 0.033897212000000002952 0.034107949623836376907 0.034366243000000004648 0.035286838142857143708 0.037764165214285709549 0.040667273428571425187 0.042390610058436174745 0.043338729571428577514 0.044344296819745443461 0.045580136285714285826 0.04694591314285714162 0.047934426857142851952 0.049939921153846156265 0.051400891231371544088
