examples/shallow_reservoirs_case/rasters/diamond_exp_02_norm_linear.asc
ncols        30
nrows        20
xllcorner    0.000000000000
yllcorner    -0.000391944000
cellsize     0.200000000000
NODATA_value  -9999
 -9999.0 -9999 -9999 -9999 -9999 -9999 -9999 -9999 -9999 -9999 -9999 -9999 -9999 0.053428571428571429436 0.055100000000000003142 0.053260869565217396071 0.052714285714285713524 -9999 -9999 -9999 -9999 -9999 -9999 -9999 -9999 -9999 -9999 -9999 -9999 -9999
 -9999 -9999 -9999 -9999 -9999 -9999 -9999 -9999 -9999 -9999 -9999 0.057500000000000002498 0.058499999999999996447 0.0583421052631579104 0.057538461538461552203 0.05626923076923077971 0.054263157894736846476 0.051833333333333335424 0.051999999999999997613 -9999 -9999 -9999 -9999 -9999 -9999 -9999 -9999 -9999 -9999 -9999
 -9999 -9999 -9999 -9999 -9999 -9999 -9999 -9999 -9999 -9999 0.060999999999999998668 0.059343750000000000666 0.058214285714285711471 0.057435897435897442787 0.05738461538461538114 0.057192307692307715883 0.055743589743589755381 0.05457142857142859016 0.053000000000000012379 0.050000000000000009714 -9999 -9999 -9999 -9999 -9999 -9999 -9999 -9999 -9999 -9999
 -9999 -9999 -9999 -9999 -9999 -9999 -9999 -9999 0.061499999999999999112 0.060749999999999991507 0.060080000000000001459 0.058097560975609745249 0.054615384615384628131 0.05429268292682928182 0.05457142857142859016 0.054370370370370374458 0.054512195121951240173 0.05407692307692309186 0.053804878048780487021 0.05092307692307693201 0.040100000000000017575 0.049250000000000002109 -9999 -9999 -9999 -9999 -9999 -9999 -9999 -9999
 -9999 -9999 -9999 -9999 -9999 -9999 0.061999999999999999556 0.061800000000000000766 0.061136363636363655338 0.058444444444444444697 0.055500000000000007661 0.053341463414634131268 0.0503846153846153888 0.050624999999999996392 0.050000000000000002776 0.048961538461538472999 0.049850000000000005418 0.051076923076923089195 0.051609756097560965937 0.054071428571428589716 0.05121428571428572607 0.05069230769230771011 0.051933333333333352166 -9999 -9999 -9999 -9999 -9999 -9999 -9999
 -9999 -9999 -9999 -9999 -9999 0.064000000000000001332 0.061173913043478259088 0.059846153846153847533 0.05722222222222222987 0.053481481481481497886 0.049769230769230780875 0.04885000000000000453 0.044857142857142859316 0.046076923076923070877 0.045714285714285714246 0.044925925925925938587 0.045230769230769227174 0.047285714285714285088 0.047424999999999994937 0.052153846153846168676 0.053000000000000012379 0.051535714285714295801 0.051256410256410249449 0.050375000000000010048 0.050999999999999996725 -9999 -9999 -9999 -9999 -9999
 -9999 -9999 -9999 -9999 0.06124999999999999889 0.062105263157894712023 0.058000000000000009881 0.054428571428571444202 0.049703703703703708272 0.047037037037037043863 0.044678571428571435542 0.04409756097560976057 0.041769230769230766831 0.042268292682926832116 0.042692307692307689126 0.041960000000000018117 0.041951219512195124517 0.043230769230769225397 0.044414634146341475107 0.04878571428571428642 0.051178571428571441315 0.052153846153846168676 0.051731707317073168106 0.051384615384615403566 0.052357142857142872916 0.053235294117647082024 0.050999999999999996725 -9999 -9999 -9999
 -9999 -9999 0.059600000000000007139 0.061249999999999991951 0.057107142857142863257 0.051358974358974351926 0.051928571428571428104 0.046857142857142861092 0.044333333333333342641 0.04318518518518520144 0.042000000000000009548 0.041365853658536587412 0.039692307692307686462 0.04042499999999998872 0.04069230769230768735 0.040153846153846164957 0.039550000000000001821 0.040769230769230765943 0.0421951219512195011 0.046307692307692306655 0.048923076923076930234 0.051892857142857164165 0.052731707317073182872 0.05274074074074074775 0.053384615384615398404 0.052344444444444450382 0.050576923076923081812 0.049739999999999992553 -9999 -9999
 -9999 0.042583333333333334147 0.049856410256410264858 0.041153846153846145028 0.040692307692307701228 0.048428571428571431934 0.046076923076923091693 0.043692307692307690015 0.04266666666666667912 0.041518518518518524041 0.040857142857142862702 0.040174999999999995437 0.039357142857142854431 0.038951219512195121852 0.03949999999999999345 0.039000000000000013822 0.03914634146341464116 0.040142857142857139852 0.04192500000000000393 0.044285714285714282423 0.046928571428571444479 0.0503846153846153888 0.050099999999999998701 0.05081481481481481266 0.049650000000000006628 0.050488888888888895645 0.049334615384615379541 0.047982051282051275953 0.044749999999999991174 -9999
 0.019400000000000007516 0.019857142857142861397 0.030975609756097578079 0.045714285714285714246 0.042074074074074076235 0.047949999999999999567 0.04646428571428572879 0.04364285714285714296 0.041925925925925935922 0.04177777777777778867 0.040730769230769243994 0.039829268292682920571 0.038615384615384606981 0.038125000000000006106 0.037615384615384606093 0.038423076923076934786 0.039347500000000000531 0.040538461538461530165 0.041170731707317068104 0.044384615384615383471 0.046615384615384621025 0.048178571428571438651 0.048365853658536579751 0.048777777777777794888 0.048821428571428571175 0.051546153846153866529 0.049899999999999999911 0.049312195121951223065 0.043753571428571426394 0.026952000000000010671
 0.014416666666666669641 0.02471428571428571988 0.03286250000000000282 0.033500000000000008937 0.045269230769230790756 0.04434358974358975497 0.042333333333333347803 0.04114285714285714074 0.04162962962962963448 0.040962962962962971847 0.040269230769230786315 0.039487804878048766988 0.038692307692307685574 0.038564102564102559212 0.037769230769230763278 0.038307692307692320366 0.038410256410256408965 0.039769230769230765055 0.04143902439024390455 0.044846153846153841149 0.047115384615384628408 0.048214285714285723405 0.048675000000000009925 0.048711111111111135563 0.049461538461538459566 0.053026923076923075662 0.051614814814814821697 0.048237500000000002598 0.053007142857142877657 0.034545833333333338111
 -9999 0.045500000000000005718 0.06028717948717949443 0.057538461538461545264 0.053153846153846155687 0.050023809523809525945 0.043730769230769239719 0.042923076923076917966 0.041777777777777781731 0.040518518518518523153 0.040000000000000000833 0.039175000000000001488 0.039285714285714277982 0.039195121951219512313 0.038642857142857138519 0.03807407407407408656 0.038951219512195121852 0.040357142857142855319 0.043499999999999997002 0.047642857142857146513 0.047357142857142868475 0.048688461538461548506 0.049269999999999987417 0.049396296296296306194 0.049500000000000002331 0.051340740740740742343 0.052153846153846147859 0.048717948717948704462 0.055608333333333336002 -9999
 -9999 -9999 0.060299999999999999434 0.059583333333333342308 0.059107142857142851156 0.055410256410256424064 0.050285714285714287752 0.048357142857142862424 0.044000000000000011324 0.042111111111111119987 0.041115384615384623079 0.039463414634146341819 0.039999999999999993894 0.039250000000000000167 0.039230769230769221845 0.038961538461538477995 0.041125000000000001832 0.042923076923076917966 0.047597560975609763678 0.048384615384615387024 0.047730769230769236333 0.048607142857142855707 0.048739024390243898543 0.049681481481481486184 0.048769230769230773048 0.050625925925925935323 0.050192307692307695788 0.052119999999999999662 -9999 -9999
 -9999 -9999 -9999 -9999 0.04899999999999998801 0.06007631578947369988 0.055807692307692322031 0.054785714285714305627 0.050407407407407421596 0.045888888888888902662 0.04442857142857143532 0.042292682926829264223 0.04146153846153845246 0.041487804878048775703 0.041615384615384609646 0.041560000000000013598 0.044487804878048785306 0.046330769230769223987 0.049229268292682933084 0.048571428571428577892 0.048878571428571444824 0.049584615384615407518 0.04743902439024390294 0.050619230769230770528 0.054871428571428570997 0.05418235294117647316 0.051999999999999997613 -9999 -9999 -9999
 -9999 -9999 -9999 -9999 -9999 0.056000000000000001166 0.054695652173913061889 0.054461538461538477884 0.054174074074074089757 0.052692592592592603362 0.048961538461538472999 0.046824999999999998568 0.044999999999999998335 0.044589743589743595364 0.04535714285714285976 0.044925925925925938587 0.048435897435897434793 0.050400000000000007294 0.04816499999999999948 0.047923076923076922407 0.048307692307692308431 0.047625000000000007605 0.04869487179487178713 0.049668750000000004563 0.056000000000000001166 -9999 -9999 -9999 -9999 -9999
 -9999 -9999 -9999 -9999 -9999 -9999 0.058999999999999996891 0.05360000000000000181 0.056018181818181835008 0.056844444444444461317 0.053107142857142866643 0.051568292682926827886 0.050846153846153860356 0.049180000000000001492 0.048615384615384615863 0.048884615384615387468 0.052074999999999996292 0.052461538461538476108 0.050075609756097573533 0.048150000000000005296 0.048200000000000020606 0.048719230769230785494 0.0488666666666666763 -9999 -9999 -9999 -9999 -9999 -9999 -9999
 -9999 -9999 -9999 -9999 -9999 -9999 -9999 -9999 0.053833333333333337201 0.061058333333333332515 0.050560000000000007714 0.053856097560975597915 0.054000000000000013267 0.053851219512195132311 0.052785714285714303851 0.051866666666666678964 0.051987804878048771151 0.049307692307692309319 0.046143902439024407636 0.047538461538461536382 0.046060000000000010656 0.049399999999999999467 -9999 -9999 -9999 -9999 -9999 -9999 -9999 -9999
 -9999 -9999 -9999 -9999 -9999 -9999 -9999 -9999 -9999 -9999 0.04866666666666667751 0.052187500000000011657 0.0552285714285714463 0.05474102564102565488 0.054384615384615392353 0.051615384615384625466 0.048846153846153851641 0.049285714285714286864 0.048268750000000026912 0.04700000000000000705 -9999 -9999 -9999 -9999 -9999 -9999 -9999 -9999 -9999 -9999
 -9999 -9999 -9999 -9999 -9999 -9999 -9999 -9999 -9999 -9999 -9999 0.050000000000000002776 0.057049999999999989608 0.051473684210526317317 0.050238461538461537392 0.050653846153846167344 0.046236842105263145641 0.048999999999999994948 0.050999999999999996725 -9999 -9999 -9999 -9999 -9999 -9999 -9999 -9999 -9999 -9999 -9999
 -9999 -9999 -9999 -9999 -9999 -9999 -9999 -9999 -9999 -9999 -9999 -9999 -9999 0.053971428571428566034 0.047909999999999994258 0.0489521739130434827 0.045714285714285707307 -9999 -9999 -9999 -9999 -9999 -9999 -9999 -9999 -9999 -9999 -9999 -9999 -9999
