examples/shallow_reservoirs_case/rasters/diamond_exp_01_norm_cubic.asc
ncols        60
nrows        40
xllcorner    0.000000000000
yllcorner    -0.000391944000
cellsize     0.100000000000
NODATA_value  -9999
[rows 0 to 20 of 40, columns 0 to 46 of 60]
-9999.0 -9999 -9999 -9999 -9999 -9999 -9999 -9999 -9999 -9999 -9999 -9999 -9999 -9999 -9999 -9999 -9999 -9999 -9999 -9999 -9999 -9999 -9999 -9999 -9999 -9999 -9999 -9999 0.054333333333333337645 0.055024049055572156475 0.053714285714285714413 0.050999999999999996725 -9999 -9999 -9999 -9999 -9999 -9999 -9999 -9999 -9999 -9999 -9999 -9999 -9999 -9999 -9999
-9999 -9999 -9999 -9999 -9999 -9999 -9999 -9999 -9999 -9999 -9999 -9999 -9999 -9999 -9999 -9999 -9999 -9999 -9999 -9999 -9999 -9999 -9999 -9999 -9999 -9999 -9999 0.053428571428571429436 0.055428571428571431212 0.057280031644444284744 0.056166666666666670293 0.051285714285714281702 0.052714285714285713524 -9999 -9999 -9999 -9999 -9999 -9999 -9999 -9999 -9999 -9999 -9999 -9999 -9999 -9999
-9999 -9999 -9999 -9999 -9999 -9999 -9999 -9999 -9999 -9999 -9999 -9999 -9999 -9999 -9999 -9999 -9999 -9999 -9999 -9999 -9999 -9999 -9999 -9999 -9999 0.055033112349438056965 0.057249999999999995337 0.057461538461538480549 0.057333333333333340309 0.058333414366018840336 0.057571428571428572007 0.053333333333333336757 0.053846153846153863021 0.052499999999999998057 0.053688429884879450282 -9999 -9999 -9999 -9999 -9999 -9999 -9999 -9999 -9999 -9999 -9999 -9999
-9999 -9999 -9999 -9999 -9999 -9999 -9999 -9999 -9999 -9999 -9999 -9999 -9999 -9999 -9999 -9999 -9999 -9999 -9999 -9999 -9999 -9999 -9999 0.057500000000000002498 0.057721624654778050378 0.058499999999999996447 0.059714285714285712803 0.058785714285714295302 0.057714285714285717965 0.05818221543801584128 0.058000000000000002942 0.056000000000000001166 0.055142857142857160113 0.054285714285714284366 0.052751253001252260133 0.051833333333333335424 0.051999999999999997613 -9999 -9999 -9999 -9999 -9999 -9999 -9999 -9999 -9999 -9999
-9999 -9999 -9999 -9999 -9999 -9999 -9999 -9999 -9999 -9999 -9999 -9999 -9999 -9999 -9999 -9999 -9999 -9999 -9999 -9999 -9999 -9999 0.059166666666666666019 0.058999999999999996891 0.058782439889658900933 0.058714285714285711915 0.058833333333333327764 0.057846153846153866573 0.058000000000000002942 0.058383328565395548049 0.057857142857142863923 0.056285714285714286143 0.056076923076923093636 0.054666666666666668961 0.053812576204191747697 0.053571428571428568455 0.053285714285714283478 0.05133333333333333498 -9999 -9999 -9999 -9999 -9999 -9999 -9999 -9999 -9999
-9999 -9999 -9999 -9999 -9999 -9999 -9999 -9999 -9999 -9999 -9999 -9999 -9999 -9999 -9999 -9999 -9999 -9999 -9999 -9999 0.060544244696769659864 0.060999999999999998668 0.059666666666666666463 0.059285714285714281868 0.058393491128275812341 0.057714285714285717965 0.057428571428571432989 0.056384615384615401068 0.056666666666666670737 0.056565971158190092583 0.056666666666666670737 0.057999999999999996003 0.056230769230769243883 0.055142857142857146235 0.055569280955956236456 0.055571428571428570231 0.054142857142857145347 0.053000000000000012379 0.050000000000000009714 0.046940877033984716726 -9999 -9999 -9999 -9999 -9999 -9999 -9999
-9999 -9999 -9999 -9999 -9999 -9999 -9999 -9999 -9999 -9999 -9999 -9999 -9999 -9999 -9999 -9999 -9999 -9999 0.060999999999999998668 0.061711417291468416424 0.061833333333333330428 0.060571428571428567733 0.059714285714285719742 0.05816666666666667207 0.05679166474263638853 0.056000000000000001166 0.055714285714285716189 0.055285714285714306071 0.055714285714285716189 0.05520830323913922949 0.055000000000000000278 0.056142857142857147124 0.055142857142857160113 0.054857142857142861259 0.055031178210563691522 0.054666666666666668961 0.053666666666666668073 0.053571428571428589271 0.050285714285714280813 0.042961501829103659889 0.034857142857142857373 -9999 -9999 -9999 -9999 -9999 -9999
-9999 -9999 -9999 -9999 -9999 -9999 -9999 -9999 -9999 -9999 -9999 -9999 -9999 -9999 -9999 -9999 -9999 0.06138942689411574366 0.060727272727272720021 0.059244770678137048669 0.058666666666666665575 0.059166666666666666019 0.05800000000000001682 0.055000000000000000278 0.053783068144182780146 0.053428571428571429436 0.052666666666666667185 0.053285714285714304295 0.053428571428571429436 0.052717486780181933848 0.052571428571428567567 0.05385714285714286037 0.054357142857142874692 0.052999999999999998501 0.053109728957274303374 0.053571428571428568455 0.053428571428571429436 0.054285714285714305183 0.051666666666666666297 0.046473159549565878912 0.042923076923076924905 0.044923927359453955099 0.049250000000000002109 -9999 -9999 -9999 -9999
-9999 -9999 -9999 -9999 -9999 -9999 -9999 -9999 -9999 -9999 -9999 -9999 -9999 -9999 -9999 0.061995252995879837621 0.061999999999999999556 0.06038004419380711002 0.058428571428571447754 0.057145803237333960001 0.0564285714285714321 0.056285714285714286143 0.055071428571428590604 0.053714285714285714413 0.052396754800177705591 0.051857142857142858594 0.05228571428571428259 0.051750000000000011269 0.051166666666666665853 0.050110044834735037456 0.04966666666666666452 0.051166666666666665853 0.051250000000000010825 0.050999999999999996725 0.051511950351391756764 0.051999999999999997613 0.051857142857142858594 0.052642857142857157893 0.054142857142857145347 0.052479579258493877503 0.050214285714285718243 0.050425941825435305343 0.050714285714285711748 0.050166666666666664964 0.052999999999999998501 -9999 -9999
-9999 -9999 -9999 -9999 -9999 -9999 -9999 -9999 -9999 -9999 -9999 -9999 -9999 0.061999999999999999556 0.062411623093874650514 0.061800000000000000766 0.060642857142857158059 0.059598809544415431994 0.05846153846153846062 0.056207756855428579745 0.054571428571428569343 0.054714285714285715301 0.052538461538461547762 0.050999999999999996725 0.049305357417801287667 0.048666666666666663632 0.050142857142857141795 0.049071428571428578336 0.048999999999999994948 0.047610201530110612955 0.046999999999999993172 0.048428571428571424995 0.048857142857142862868 0.048285714285714279037 0.049118524644976117866 0.049999999999999995837 0.049999999999999995837 0.051230769230769239442 0.053999999999999999389 0.053708530892475465912 0.052214285714285726958 0.051924328778522307881 0.051666666666666666297 0.050285714285714280813 0.051857142857142858594 0.051666666666666666297 -9999
-9999 -9999 -9999 -9999 -9999 -9999 -9999 -9999 -9999 -9999 -9999 -9999 0.062648425038601462944 0.062333333333333323933 0.061405180244002363632 0.059571428571428566845 0.057000000000000015932 0.055453046664287491962 0.054769230769230785316 0.053980425439027465706 0.052499999999999998057 0.050285714285714280813 0.050642857142857156116 0.04883333333333333276 0.046827021559101060511 0.046428571428571423219 0.047499999999999993616 0.046928571428571430602 0.046571428571428562238 0.045832762523834676138 0.04549999999999999184 0.046428571428571423219 0.046357142857142860648 0.045333333333333329651 0.046861754822862276837 0.048428571428571424995 0.047333333333333331427 0.048857142857142862868 0.052857142857142859482 0.053884545076676393371 0.052916666666666674346 0.052218220213374542948 0.051571428571428566678 0.050999999999999996725 0.051714285714285712636 0.05092307692307693201 0.050330655079624635195
-9999 -9999 -9999 -9999 -9999 -9999 -9999 -9999 -9999 -9999 0.062425375880049926991 0.064000000000000001332 0.062006633767266429447 0.060428571428571435653 0.06072192615004151639 0.060166666666666666907 0.057461538461538480549 0.05443642664802819664 0.052285714285714303406 0.050891884846826100641 0.048999999999999994948 0.047333333333333331427 0.048230769230769229838 0.046428571428571423219 0.04394686130125236706 0.043285714285714281535 0.045142857142857137354 0.044916666666666660301 0.044857142857142852377 0.044368351069256996289 0.043857142857142851489 0.043999999999999990508 0.045083333333333329429 0.043142857142857135577 0.044097288279843861736 0.046142857142857138242 0.045714285714285707307 0.046846153846153842926 0.05133333333333333498 0.053209663585803895769 0.053071428571428588827 0.053013583431135248569 0.052428571428571428548 0.051142857142857142683 0.051499999999999997169 0.051230769230769239442 0.050710863608188549989
-9999 -9999 -9999 -9999 -9999 -9999 -9999 -9999 -9999 0.064994371077769799716 0.066000000000000003109 0.063230769230769257039 0.060479302252107187965 0.059214285714285726236 0.058737863170967741233 0.056285714285714286143 0.05114285714285715656 0.048780351838464533487 0.048428571428571431934 0.047853062574393374906 0.046428571428571423219 0.044857142857142852377 0.045785714285714283756 0.043999999999999990508 0.04263275983022523502 0.042499999999999989175 0.042999999999999989619 0.043071428571428573007 0.043333333333333327875 0.04277420784381977259 0.042333333333333333925 0.043499999999999990064 0.043285714285714281535 0.041428571428571432655 0.042675445290304682422 0.044499999999999990952 0.044285714285714275484 0.04535714285714285976 0.049571428571428564902 0.051298867604942871568 0.051714285714285726514 0.052604065719672229995 0.052857142857142859482 0.051428571428571427659 0.051285714285714281702 0.051714285714285726514 0.05132979026247259241
-9999 -9999 -9999 -9999 -9999 -9999 -9999 0.063711017343881515274 0.063500000000000000888 0.060499999999999998224 0.063714285714285709417 0.059142857142857163666 0.056898330355173318273 0.056583333333333339643 0.05544698320155495852 0.052571428571428567567 0.048153846153846151246 0.045933029701980765402 0.045538461538461534606 0.045379854989512996566 0.044428571428571421442 0.042999999999999989619 0.04330769230769230399 0.042285714285714280647 0.041275368348156149523 0.041142857142857147679 0.041666666666666664354 0.041357142857142856207 0.042142857142857141628 0.041710175755755897475 0.041000000000000001721 0.041142857142857147679 0.041642857142857141184 0.04016666666666666996 0.04101145883216517074 0.042142857142857141628 0.042142857142857141628 0.044692307692307690903 0.04799999999999999406 0.049819492825151516502 0.050642857142857156116 0.051656150641228720799 0.052333333333333335868 0.051999999999999997613 0.051571428571428566678 0.052076923076923090083 0.05200583010795722938
-9999 -9999 -9999 -9999 -9999 0.064000000000000001332 0.063200000000000006173 0.06559142776897919358 0.064285714285714293248 0.061285714285714283645 0.056666666666666670737 0.054500000000000013711 0.054404505021767878004 0.053857142857142874248 0.050891739292868339029 0.047285714285714278149 0.044846153846153841149 0.043929149040905841883 0.044076923076923076039 0.04375508802561238475 0.04283333333333333437 0.041666666666666664354 0.042142857142857148567 0.040666666666666670404 0.039832885207481974477 0.040142857142857146791 0.041000000000000001721 0.04069230769230768735 0.040714285714285716744 0.040747024768423761865 0.040571428571428577725 0.040571428571428577725 0.040230769230769222733 0.039571428571428576837 0.040391272239771215669 0.041285714285714293637 0.041166666666666670849 0.042857142857142857539 0.046499999999999992728 0.048170285083468752929 0.049249999999999995171 0.050555711009411780088 0.051714285714285712636 0.052428571428571428548 0.052333333333333335868 0.052714285714285727402 0.052811112967454193479
-9999 -9999 -9999 -9999 0.065895949628527808462 0.059111111111111114269 0.059857142857142851822 0.062943036383498726649 0.059571428571428566845 0.043285714285714281535 0.044999999999999998335 0.048749999999999994726 0.0490694966442399641 0.050000000000000009714 0.048986106941231684353 0.046428571428571423219 0.043857142857142858428 0.042664694760691838915 0.042357142857142857095 0.042294211861622847681 0.04199999999999999567 0.041571428571428578613 0.041428571428571425717 0.040285714285714292748 0.039268713772452598643 0.039166666666666669072 0.040000000000000000833 0.040076923076923072486 0.040666666666666670404 0.040310070339687552321 0.039666666666666669516 0.039666666666666669516 0.039307692307692300437 0.038714285714285714968 0.039242390014119499231 0.04016666666666666996 0.040857142857142862702 0.042642857142857142072 0.046142857142857138242 0.047859874903155963377 0.048642857142857147401 0.050175492254726006269 0.051571428571428566678 0.051857142857142858594 0.052571428571428567567 0.053000000000000012379 0.052864871639322477681
-9999 -9999 0.052999999999999998501 0.06373533378214660261 0.064399999999999998912 0.053785714285714304739 0.042666666666666658303 0.047203397764615087628 0.046166666666666661412 0.032833333333333332427 0.053428571428571429436 0.049857142857142863757 0.04693719113173239893 0.046846153846153842926 0.045733778350338843977 0.044142857142857136465 0.043214285714285712026 0.042511758702707860835 0.04199999999999999567 0.041781700437029813122 0.041428571428571432655 0.040714285714285716744 0.040785714285714279315 0.039142857142857145902 0.038801578960425915643 0.03928571428571429186 0.0393333333333333382 0.039357142857142854431 0.039714285714285715856 0.039867664092637582207 0.039571428571428576837 0.038857142857142860926 0.038999999999999993006 0.039500000000000000389 0.039671342677352935957 0.039857142857142861814 0.040571428571428577725 0.042499999999999996114 0.044428571428571421442 0.045958783018393976894 0.047214285714285715578 0.048774218218088111199 0.050142857142857141795 0.051142857142857142683 0.052857142857142859482 0.050000000000000002776 0.050314422451503755529
-9999 0.029480590057503586188 0.04163636363636363108 0.045093848497888826266 0.044333333333333328763 0.041461538461538466338 0.039857142857142854875 0.042321326146819333858 0.042999999999999996558 0.040428571428571431767 0.044285714285714275484 0.046571428571428576115 0.046188561170020438207 0.045307692307692305766 0.044235394428590868454 0.043166666666666665686 0.042076923076923074263 0.041376124120900803494 0.040999999999999994782 0.040699144455399204057 0.040571428571428577725 0.040714285714285716744 0.040499999999999994338 0.039428571428571430879 0.039496211397302811996 0.039428571428571430879 0.038285714285714290972 0.038714285714285708029 0.03928571428571429186 0.039155132482119749116 0.038833333333333337756 0.038714285714285714968 0.038857142857142853987 0.039714285714285715856 0.040210139937977965041 0.040428571428571431767 0.040857142857142862702 0.042666666666666658303 0.044142857142857136465 0.045364050619392720654 0.046642857142857145625 0.048167679169233264258 0.049499999999999995393 0.050666666666666665408 0.050714285714285711748 0.048384615384615387024 0.048593279222641887205
0.021666666666666667407 0.013000000000000001138 0.024571428571428577392 0.027422521597620468786 0.026999999999999999695 0.037428571428571422164 0.046571428571428562238 0.047360409805451191001 0.042999999999999989619 0.041000000000000001721 0.049333333333333333204 0.045999999999999999223 0.045520569075266220649 0.046928571428571430602 0.046768533222052967313 0.044999999999999991396 0.041846153846153852363 0.041484885338081416151 0.041923076923076917077 0.040878343144862480663 0.04016666666666666996 0.041166666666666670849 0.040357142857142855319 0.038666666666666668628 0.038794449624902048457 0.038833333333333337756 0.03771428571428571408 0.038583333333333323656 0.037999999999999999056 0.038020360975083301869 0.038714285714285714968 0.0393333333333333382 0.039741666666666668195 0.039714285714285715856 0.040157150470786460994 0.040666666666666670404 0.040666666666666670404 0.0419285714285714331 0.044666666666666660079 0.046090467965110293314 0.046833333333333330983 0.047993269954282567757 0.04885714285714285593 0.048999999999999994948 0.049999999999999995837 0.048285714285714285976 0.048246026591702004249
0.032250000000000000888 0.010142857142857144431 0.015142857142857147137 0.026748239452878169037 0.032000000000000000666 0.025615384615384619721 0.044857142857142852377 0.046445817815622306157 0.040571428571428577725 0.043571428571428573451 0.050714285714285711748 0.047785714285714285532 0.045702319024214017873 0.045999999999999999223 0.04458871014007437239 0.042285714285714280647 0.04199999999999999567 0.041950462425181807291 0.041642857142857141184 0.041198691741622446572 0.040857142857142862702 0.040714285714285716744 0.039999999999999993894 0.039428571428571430879 0.038860220153598579174 0.038428571428571429991 0.038142857142857145014 0.037928571428571422608 0.037285714285714290084 0.036224381411584065382 0.036499999999999997724 0.038999999999999999944 0.039142857142857138963 0.038714285714285714968 0.03977393978875013586 0.040428571428571431767 0.039571428571428576837 0.041428571428571425717 0.044142857142857136465 0.045670084934931153009 0.046428571428571430157 0.046941267472609182754 0.047285714285714278149 0.047571428571428563126 0.048714285714285709972 0.047571428571428577003 0.047799291184963191292
0.020499999999999997391 0.0094999999999999997641 0.015714285714285715356 0.023349399430284942941 0.027285714285714284671 0.030500000000000009742 0.032428571428571431601 0.043979650919139384735 0.04966666666666666452 0.042999999999999996558 0.045142857142857137354 0.04330769230769230399 0.042312496763162857349 0.042615384615384610534 0.041871243438061887809 0.041285714285714293637 0.041428571428571425717 0.041416398525599688873 0.04107142857142857123 0.040644788064440197373 0.040428571428571431767 0.040428571428571431767 0.040142857142857139852 0.038857142857142860926 0.038062971676686395417 0.038142857142857145014 0.038666666666666668628 0.038142857142857138075 0.037428571428571429103 0.037267361647775221201 0.03766666666666666774 0.037999999999999999056 0.038642857142857138519 0.038166666666666668184 0.039004654304890168381 0.039857142857142861814 0.039857142857142861814 0.041428571428571425717 0.044714285714285706419 0.046355654404673790614 0.046835714285714293015 0.047263653157718257813 0.047714285714285709084 0.048428571428571424995 0.048714285714285709972 0.048615384615384615863 0.048663856528405879942
