examples/shallow_reservoirs_case/rasters/diamond_experiment_01_random.asc
ncols        60
nrows        40
xllcorner    0.000000000000
yllcorner    -0.000391944000
cellsize     0.100000000000
NODATA_value  -9999
[rows 0 to 16 of 40, columns 0 to 37 of 60]
0.011110340518302692231 0.022010921203876598895 0.016420328713492651773 0.054936769314148328758 0.058392513319210519185 0.054343702121563315643 0.049775709359639326579 0.061816575489085159867 0.07136887396116861626 0.055427527411275927249 0.018449900074219788282 0.018519113059356294426 0.025767596124891520987 0.021649098524508025854 0.027327338226985894987 0.030669475912392506894 0.022248996437023493833 0.052524983516284283469 0.025170694063941675273 0.055549444623559394996 0.043260757842115332705 0.051280487598748154821 0.062034887456497114777 0.037285089977885571555 0.057370471145264778645 0.051916280799259965917 0.033620376182378342023 0.048975338744302050753 0.055399857231324699247 0.05214437599606246837 0.015847481045870234762 0.027939820245869880638 0.01377478679815794492 0.035404796854603015621 0.026769617409623903265 0.019405604425569787652 0.031304699083273782034 0.045509896846731942577
0.04474979619349950255 0.059214033740879218337 0.053987836410617044691 0.043597948048574794444 0.060111909791242312817 0.047153438102031181023 0.063607771008613145369 0.069676486068470211421 0.06020548270445991168 0.060496527239847733282 0.048522091936203576301 0.024327149650390369334 0.024064395948286729232 0.03695136915031135838 0.070923817349664325382 0.030604638990326116232 0.049472484941597533181 0.047074535354951298205 0.051829920801516507489 0.011835065386945026883 0.041193273991272490175 0.064225486474184440011 0.057579721394604828355 0.028573105848676540186 0.030982575684758109635 0.010135188471156877238 0.061682451668340042283 0.035009863635235421997 0.068944639918429639902 0.047837404729965775363 0.013926848161977751009 0.039694751102548046784 0.04420216875131519757 0.062465923615869244079 0.010446698364258955385 0.045322446919671181831 0.019809721177842479212 0.011519202930760441897
0.061452716197587561875 0.039828210058293879448 0.046672930301743312254 0.025486102359829343467 0.053963007741589526234 0.036455091901245011143 0.026717757454725855892 0.036131539300714207719 0.034348249034138050861 0.056161892239234602331 0.025395797016192826062 0.037554247260944563502 0.072107590676469351942 0.030585625529074067508 0.019179660452156580691 0.039337126266933260255 0.067078727890708539361 0.0080034855056486369634 0.056899354560304878092 0.056079323950936635357 0.053123154880878903361 0.057185088687653387596 0.045673015562818511381 0.043810066380191248214 0.009315959654082564545 0.0091056395667071798883 0.059887251251451924239 0.04600506602093813735 0.058806874210881550369 0.046783293553893920413 0.045966512826703352645 0.057343953591543150861 0.033704095750264027875 0.054150137869464300133 0.014103802005369359823 0.040100677546656957051 0.0093127851427475642765 0.040720596976078188289
0.069119854532270236236 0.068598074838814776522 0.06159143407847231938 0.071358584500183813715 0.053303527286836446808 0.055097467595512629457 0.055652593422181505234 0.066597712856252003211 0.070640268805557043796 0.055990682568123124885 0.037970357052810765897 0.062894597553992709349 0.050724888682846809573 0.036121727101216895284 0.068561347467627598018 0.042767603975005973049 0.054529994899572983846 0.069401761906513315115 0.012715834540910499195 0.036317736014663239141 0.041794769065712160383 0.064072247346362409814 0.020864987273445149973 0.046973518627231446165 0.054312775836939379548 0.053136559882989646553 0.043687509633860081848 0.048574444323123952549 0.045610944886575639778 0.03726977872911887979 0.047943788855183591679 0.034932239484766709758 0.018330633443451441189 0.016884520236142227384 0.0375573720097677477 0.065274650473416157004 0.063119557132049544657 0.044923863603595223792
0.023891644424656841017 0.0080432185348094601546 0.069026914146277137951 0.05622163112115340089 0.065466558738982522092 0.052199120001122319146 0.059492006676428468848 0.055877783570823069681 0.07271749631740098696 0.042176504885793997257 0.037823790683167365922 0.016953276250609369824 0.035022156371643922701 0.017647056603311228606 0.012989094478737068725 0.071636747597084576844 0.038055491664307591893 0.013696639678843457177 0.059777644798972955076 0.072933474066261688717 0.068779191431615455121 0.060955622986504837124 0.029829125710554908052 0.038143711324371075422 0.050053081057176283808 0.016754392027529173281 0.068870135337668864084 0.031514255700254525938 0.061570681538734850502 0.025392875026963929869 0.028753272265030556387 0.047749925903380889547 0.06386456720088007355 0.024478419351598539738 0.057934286792637089414 0.033281344592103245805 0.0096692778966004332142 0.021029245676097388373
0.062519260574273149977 0.025545918819044031306 0.033086230572770214398 0.06228544749797343405 0.031580179089273116566 0.043534132130414543438 0.047368361134368569543 0.038316654804329275397 0.059246533794228915804 0.01930389046684970189 0.055454629220550624713 0.021897507627823234455 0.040373022924497244113 0.045117686967678656551 0.041148684336040262932 0.07071336647818590726 0.031670094094887996095 0.072993374266611427137 0.018481219462604309145 0.018451091096421866344 0.022810906591708042523 0.017399565190127662395 0.06213966356471083835 0.0099640796366752930335 0.0091184160003967649338 0.01587118430641203809 0.033323486914787807389 0.057605813392360705194 0.035128386367952790792 0.025160259676655465089 0.040323354298526715989 0.035391970475153661235 0.016725503203434972932 0.029561034006334391266 0.072291888070799226185 0.05144487094405224975 0.036859723962962651078 0.063135977442849849917
0.057499173900282141147 0.0089732985217474275919 0.030753623086519563112 0.071769669143331021877 0.058221933926550353822 0.032369896490017716073 0.048282243024630980277 0.037177567544782234854 0.021954458822340663926 0.015015891595974217854 0.048911712519869011973 0.063750767650933320985 0.059049886107746231423 0.027914198369112262765 0.032616195486743840282 0.033463619200619854066 0.022245689101726279224 0.023825677104574588538 0.072467616852131044869 0.057366451219726943833 0.023308927328341076668 0.040513762686221366227 0.056332082193834905059 0.053315544556686349231 0.024778364532603010945 0.024594994226183802821 0.058061494740910116197 0.020611145026467291019 0.064811643158572379564 0.027115191056782318724 0.066837239162643585777 0.03697193125555554849 0.012891329331180631512 0.024071355166596013903 0.037960678125588634413 0.058757011548884165164 0.045658628831515911395 0.031621260991020166964
0.05465806454472849768 0.023107135086279539937 0.072952807387447304865 0.060876729241637630996 0.030988046064611623337 0.045187107843724635958 0.065046984223431122962 0.035587769651569810259 0.03886819555833642692 0.033265455081047695662 0.024560302444246534526 0.044263302971515212925 0.020291696655725274118 0.0087897761702601141798 0.042209485871924454226 0.032080841452891861731 0.049660042584935282228 0.0097030698659570247672 0.038295142794139119813 0.067866506536206294697 0.010998865814862406748 0.045940219669315662809 0.039492235735322678281 0.022874749048559624848 0.01572336641442410865 0.054879654576199865534 0.027780976017563643876 0.018035170118179309762 0.014429210496401286001 0.0088272309408638782724 0.067890203321847836238 0.019009494091691787887 0.03704773333393887591 0.053831211925607587443 0.053199021388383137265 0.053414356243494581777 0.045586445776007879227 0.054537466437857604062
0.012135129680595591745 0.052364400650177979346 0.064498787664826653931 0.03087672434102249272 0.066213362809444412105 0.023797588760982944789 0.039886229337598375078 0.013339101234678695657 0.014483682952922778339 0.070629934844646968806 0.018471138295479173907 0.072696636388092872316 0.052547588766882279143 0.021271807658345395775 0.066329652092362231808 0.051853442094354586234 0.039305057322930068986 0.042041033201154411059 0.023000030410974016404 0.019285935169294381175 0.061403377686404414515 0.033668817972591254251 0.024825464852561578838 0.066479373271319391892 0.030061737224800634538 0.068755448992476098091 0.014670449035224044504 0.031529454930587577643 0.027457270478132598385 0.057041755331979505927 0.052582013012278557007 0.046372655291353592766 0.012582738098559571524 0.020920740400101941331 0.030040643665801128326 0.066876372543750534083 0.072212914156085716844 0.058633293149384417553
0.020178621456324721817 0.025562688115800483862 0.056815458701973395317 0.013583641049848629162 0.045721154149510820353 0.06332212139268886264 0.031358426604070704924 0.059387097416233970704 0.031090282482666587588 0.04676886199406081468 0.018923055728478653525 0.057572766306914720247 0.043148091551595921245 0.058704841736688294362 0.035869186566926294923 0.044488790493647019375 0.05250662112862518327 0.015066432088224553792 0.068069305316602421452 0.032969129518586152983 0.021028884315654083892 0.024805526728105705553 0.053447735988763282744 0.027150376128402563258 0.014445726554921210424 0.071579390863011932433 0.01961080260483369711 0.016563508350032569993 0.046865403674373654064 0.036831772801639961479 0.052262164607481696732 0.018863434343076149191 0.034240132778049242601 0.0097021891310129539099 0.03986359508564076698 0.029158394044767110831 0.039163928654038490662 0.043822149546303403034
0.012910996080302966638 0.039197208669444871809 0.057188557418165454627 0.024722814253972023174 0.031057397327943363913 0.047058702000024113521 0.026531854963358553201 0.0086253483524444361785 0.026301687637997447217 0.068389753059833968685 0.020771574488754759868 0.059349885984294921404 0.027207042284526711945 0.033410923525264937806 0.039225984369557390097 0.048888587938311217629 0.069254045868225339033 0.050924672950048252562 0.042925909933189371204 0.048278600622334230663 0.039444371498188211811 0.0098840804898670635292 0.027223664284580641887 0.056901604167844843651 0.049483810769690182718 0.019348124568691581204 0.016187367447014711086 0.071192060770677384474 0.07039189231051296014 0.026380008143276807014 0.018561291685591865125 0.012614466859228005979 0.052964575031081317924 0.021437289070718942852 0.023438355905283363156 0.05009327900031612657 0.060337511025995264891 0.053852218242703080164
0.063544922171253820364 0.028450304723619181113 0.07202965139211020551 0.070916265701499947571 0.055555871994488463528 0.050551921623622930735 0.070707297123762946622 0.043412892486163826011 0.036474135830028522887 0.034930808748469148461 0.044192643584481175467 0.041838452252059149528 0.015009712283756906567 0.055711503480316240666 0.060878755243717802559 0.072187426996716624883 0.047488452448533086114 0.069787932088025417254 0.013741806006292957981 0.049630870539999268065 0.061613190786754160055 0.019487917538070789747 0.051605764734490300327 0.03061945459988464624 0.050719676466009250282 0.036777835422724225456 0.022676122524074353304 0.011226286411651490924 0.064116395908528633907 0.063190641190081303646 0.050610783007530683875 0.059940492854795371369 0.067973788255170322636 0.01009229791695136734 0.067986946909425166607 0.051049678495754237384 0.07022227573951403401 0.071895011639071942922
0.021089050848704587321 0.064081545882864465735 0.035399047046717979637 0.008609239538641027048 0.025012319247163104091 0.038469484037792128772 0.069856566637649553098 0.015355815831006012356 0.031441243856228678899 0.051195528608901696987 0.05826041411854177704 0.017341213266873753418 0.068548043902309091502 0.034208386689800612812 0.041290818963000443242 0.031585349976985511999 0.057302548136605263585 0.017656245597366455879 0.061134824824975342317 0.026372882596875181493 0.070842926451011728473 0.060489765808489248666 0.070613067144625479843 0.047968804356377618692 0.028400616225294231243 0.057500223363847781377 0.048792838423011179738 0.051783736764891112603 0.041532305662398474877 0.025142535265907327985 0.031714052730676692282 0.016236615242766525014 0.03392412533852542933 0.064679401797442026556 0.050700692388666562804 0.041538741577714151376 0.029469933132989623026 0.03070483856431259484
0.060567721031087082273 0.037003540446357341409 0.0097507384584046268711 0.01953894800438339685 0.054083234995348214436 0.053323473144777172594 0.069646801782124789781 0.0098094991924401516575 0.024803102655012732036 0.020048714965496757662 0.01149879555851631048 0.0597170167135047808 0.0091318893101017834663 0.027239294203149050366 0.048490264938531299488 0.036395457302573493152 0.017593509741200930724 0.038281322136468100281 0.049435958098112263437 0.070182197001962778882 0.064253818850007582419 0.03993448890032340326 0.068471472250358003664 0.050330103818169033558 0.039621517090261119953 0.062907790388269754778 0.037819302224092597731 0.072283285050232320978 0.028581647594795964173 0.02088638224094229584 0.025726916646906378139 0.068171233863734637115 0.020899133708210351767 0.013179015035586910676 0.032441700481606675077 0.040800734591335909018 0.064306388036820136267 0.060852772535420887601
0.067840665936187358187 0.069621469226237658878 0.043258457113385245796 0.045869542397946827528 0.025781808316222398769 0.010251853228270900453 0.069334487538235234361 0.057080344935916509097 0.056769002412752837816 0.023119641863026039325 0.012182362524658357089 0.044490627405374343073 0.061043944103361044706 0.048289711789920287954 0.072918977134999174439 0.056537691254887230408 0.046503656822986960684 0.059851310549887244694 0.010309657325605355027 0.027175085136640443617 0.051462557785357111728 0.051910300440835339952 0.071892908988948039939 0.064387431345402396099 0.036840199096262071787 0.056456783908018642881 0.027472021303037524875 0.025622911403598132296 0.061987755787411003006 0.024460110505065416758 0.024424598318296911886 0.037960002861307920452 0.051623732672306292535 0.021816259493203475628 0.068181682870388587991 0.01151856295742756213 0.015102734232946030124 0.04282385395058998373
0.065738643332190038748 0.01488991952518001205 0.045547461073499960482 0.060686217941427152145 0.02007013193979228366 0.011067755366105594059 0.052593796041588876389 0.05847422278504756793 0.06827024302222742258 0.011826898899295907458 0.023712673176788327117 0.060652523648616993301 0.055154220417589092107 0.07204069178334679413 0.044928246517763482937 0.01473917672251352784 0.068770345403757038305 0.010457365228456810477 0.023701140093577075657 0.066794799750411470995 0.018017503140028881536 0.069631555354927376911 0.072431001981118015021 0.064269878470606861542 0.023938698651489159069 0.042226422097328672467 0.058912789473537147122 0.056238340962590054051 0.017407379393702515635 0.041019867999857337337 0.049486448486820919235 0.03955619853310872458 0.044344482599385927346 0.049642983298484474886 0.041476785864659096448 0.06179231229319144536 0.045914414285262043769 0.067483550617308873942
0.051337235803878097928 0.023053051007533357369 0.014274955752971224196 0.038890256862934347026 0.059347953926698060467 0.030980452035349187456 0.063297196004152928017 0.052760712020000023748 0.0095309058673375031401 0.038947847952869381338 0.0095077395042059212327 0.046192860603199249747 0.033302591713240833893 0.023888019617317731574 0.060903811762573090149 0.068529597550540694018 0.053020379121426104707 0.071915206235919570954 0.01832110610505254672 0.035187222488793801212 0.062309108059853762773 0.038660047254782073378 0.054600190682854869706 0.022138299117447197972 0.06505516237170647087 0.053760892129951838581 0.024325918150709727877 0.016682456884914792505 0.032876004346837781056 0.045099404629949081669 0.055311487015175575532 0.067068331136418718463 0.067538952561629839177 0.032563213140359079101 0.069321414454621990697 0.014042215785669172334 0.03405714325150707017 0.014474345231006253629
