examples/shallow_reservoirs_case/rasters/diamond_exp_01_norm_linear.asc
ncols        60
nrows        40
xllcorner    0.000000000000
yllcorner    -0.000391944000
cellsize     0.100000000000
NODATA_value  -9999
[rows 0 to 20 of 40, columns 0 to 46 of 60]
-9999.0 -9999 -9999 -9999 -9999 -9999 -9999 -9999 -9999 -9999 -9999 -9999 -9999 -9999 -9999 -9999 -9999 -9999 -9999 -9999 -9999 -9999 -9999 -9999 -9999 -9999 -9999 -9999 0.054333333333333337645 0.054023809523809529498 0.053714285714285714413 0.050999999999999996725 -9999 -9999 -9999 -9999 -9999 -9999 -9999 -9999 -9999 -9999 -9999 -9999 -9999 -9999 -9999
-9999 -9999 -9999 -9999 -9999 -9999 -9999 -9999 -9999 -9999 -9999 -9999 -9999 -9999 -9999 -9999 -9999 -9999 -9999 -9999 -9999 -9999 -9999 -9999 -9999 -9999 -9999 0.053428571428571429436 0.055428571428571431212 0.055797619047619054222 0.056166666666666670293 0.051285714285714281702 0.052714285714285713524 -9999 -9999 -9999 -9999 -9999 -9999 -9999 -9999 -9999 -9999 -9999 -9999 -9999 -9999
-9999 -9999 -9999 -9999 -9999 -9999 -9999 -9999 -9999 -9999 -9999 -9999 -9999 -9999 -9999 -9999 -9999 -9999 -9999 -9999 -9999 -9999 -9999 -9999 -9999 0.055464285714285715967 0.057249999999999995337 0.057461538461538480549 0.057333333333333340309 0.057452380952380956158 0.057571428571428572007 0.053333333333333336757 0.053846153846153863021 0.052499999999999998057 0.052357142857142852099 -9999 -9999 -9999 -9999 -9999 -9999 -9999 -9999 -9999 -9999 -9999 -9999
-9999 -9999 -9999 -9999 -9999 -9999 -9999 -9999 -9999 -9999 -9999 -9999 -9999 -9999 -9999 -9999 -9999 -9999 -9999 -9999 -9999 -9999 -9999 0.057500000000000002498 0.057999999999999996003 0.058499999999999996447 0.059714285714285712803 0.058785714285714295302 0.057714285714285717965 0.057857142857142856984 0.058000000000000002942 0.056000000000000001166 0.055142857142857160113 0.054285714285714284366 0.053059523809523806426 0.051833333333333335424 0.051999999999999997613 -9999 -9999 -9999 -9999 -9999 -9999 -9999 -9999 -9999 -9999
-9999 -9999 -9999 -9999 -9999 -9999 -9999 -9999 -9999 -9999 -9999 -9999 -9999 -9999 -9999 -9999 -9999 -9999 -9999 -9999 -9999 -9999 0.059166666666666666019 0.058999999999999996891 0.058857142857142857872 0.058714285714285711915 0.058833333333333327764 0.057846153846153866573 0.058000000000000002942 0.057928571428571433433 0.057857142857142863923 0.056285714285714286143 0.056076923076923093636 0.054666666666666668961 0.054119047619047622177 0.053571428571428568455 0.053285714285714283478 0.05133333333333333498 -9999 -9999 -9999 -9999 -9999 -9999 -9999 -9999 -9999
-9999 -9999 -9999 -9999 -9999 -9999 -9999 -9999 -9999 -9999 -9999 -9999 -9999 -9999 -9999 -9999 -9999 -9999 -9999 -9999 0.060083333333333335813 0.060999999999999998668 0.059666666666666666463 0.059285714285714281868 0.058499999999999996447 0.057714285714285717965 0.057428571428571432989 0.056384615384615401068 0.056666666666666670737 0.056666666666666670737 0.056666666666666670737 0.057999999999999996003 0.056230769230769243883 0.055142857142857146235 0.055357142857142854764 0.055571428571428570231 0.054142857142857145347 0.053000000000000012379 0.050000000000000009714 0.050625000000000003331 -9999 -9999 -9999 -9999 -9999 -9999 -9999
-9999 -9999 -9999 -9999 -9999 -9999 -9999 -9999 -9999 -9999 -9999 -9999 -9999 -9999 -9999 -9999 -9999 -9999 0.060999999999999998668 0.061416666666666661079 0.061833333333333330428 0.060571428571428567733 0.059714285714285719742 0.05816666666666667207 0.057083333333333333148 0.056000000000000001166 0.055714285714285716189 0.055285714285714306071 0.055714285714285716189 0.055357142857142854764 0.055000000000000000278 0.056142857142857147124 0.055142857142857160113 0.054857142857142861259 0.05476190476190476164 0.054666666666666668961 0.053666666666666668073 0.053571428571428589271 0.050285714285714280813 0.042571428571428565624 0.034857142857142857373 -9999 -9999 -9999 -9999 -9999 -9999
-9999 -9999 -9999 -9999 -9999 -9999 -9999 -9999 -9999 -9999 -9999 -9999 -9999 -9999 -9999 -9999 -9999 0.061499999999999999112 0.060727272727272720021 0.059696969696969692798 0.058666666666666665575 0.059166666666666666019 0.05800000000000001682 0.055000000000000000278 0.054214285714285714857 0.053428571428571429436 0.052666666666666667185 0.053285714285714304295 0.053428571428571429436 0.052999999999999998501 0.052571428571428567567 0.05385714285714286037 0.054357142857142874692 0.052999999999999998501 0.053285714285714283478 0.053571428571428568455 0.053428571428571429436 0.054285714285714305183 0.051666666666666666297 0.047294871794871795601 0.042923076923076924905 0.046086538461538463507 0.049250000000000002109 -9999 -9999 -9999 -9999
-9999 -9999 -9999 -9999 -9999 -9999 -9999 -9999 -9999 -9999 -9999 -9999 -9999 -9999 -9999 0.061749999999999999334 0.061999999999999999556 0.060214285714285720186 0.058428571428571447754 0.057428571428571439927 0.0564285714285714321 0.056285714285714286143 0.055071428571428590604 0.053714285714285714413 0.052785714285714283034 0.051857142857142858594 0.05228571428571428259 0.051750000000000011269 0.051166666666666665853 0.050416666666666665186 0.04966666666666666452 0.051166666666666665853 0.051250000000000010825 0.050999999999999996725 0.051499999999999997169 0.051999999999999997613 0.051857142857142858594 0.052642857142857157893 0.054142857142857145347 0.052178571428571435264 0.050214285714285718243 0.050464285714285711526 0.050714285714285711748 0.050166666666666664964 0.052999999999999998501 -9999 -9999
-9999 -9999 -9999 -9999 -9999 -9999 -9999 -9999 -9999 -9999 -9999 -9999 -9999 0.061999999999999999556 0.061899999999999996692 0.061800000000000000766 0.060642857142857158059 0.05955219780219780934 0.05846153846153846062 0.056516483516483514982 0.054571428571428569343 0.054714285714285715301 0.052538461538461547762 0.050999999999999996725 0.049833333333333326709 0.048666666666666663632 0.050142857142857141795 0.049071428571428578336 0.048999999999999994948 0.04799999999999999406 0.046999999999999993172 0.048428571428571424995 0.048857142857142862868 0.048285714285714279037 0.049142857142857140906 0.049999999999999995837 0.049999999999999995837 0.051230769230769239442 0.053999999999999999389 0.053107142857142866643 0.052214285714285726958 0.051940476190476196627 0.051666666666666666297 0.050285714285714280813 0.051857142857142858594 0.051666666666666666297 -9999
-9999 -9999 -9999 -9999 -9999 -9999 -9999 -9999 -9999 -9999 -9999 -9999 0.063000000000000000444 0.062333333333333323933 0.060952380952380945389 0.059571428571428566845 0.057000000000000015932 0.055884615384615400624 0.054769230769230785316 0.053634615384615391687 0.052499999999999998057 0.050285714285714280813 0.050642857142857156116 0.04883333333333333276 0.047630952380952377989 0.046428571428571423219 0.047499999999999993616 0.046928571428571430602 0.046571428571428562238 0.046035714285714277039 0.04549999999999999184 0.046428571428571423219 0.046357142857142860648 0.045333333333333329651 0.046880952380952377323 0.048428571428571424995 0.047333333333333331427 0.048857142857142862868 0.052857142857142859482 0.052886904761904766914 0.052916666666666674346 0.052244047619047620512 0.051571428571428566678 0.050999999999999996725 0.051714285714285712636 0.05092307692307693201 0.050461538461538474332
-9999 -9999 -9999 -9999 -9999 -9999 -9999 -9999 -9999 -9999 0.063000000000000000444 0.064000000000000001332 0.062214285714285721962 0.060428571428571435653 0.06029761904761905128 0.060166666666666666907 0.057461538461538480549 0.054873626373626388508 0.052285714285714303406 0.050642857142857149177 0.048999999999999994948 0.047333333333333331427 0.048230769230769229838 0.046428571428571423219 0.044857142857142852377 0.043285714285714281535 0.045142857142857137354 0.044916666666666660301 0.044857142857142852377 0.044357142857142851933 0.043857142857142851489 0.043999999999999990508 0.045083333333333329429 0.043142857142857135577 0.04464285714285713691 0.046142857142857138242 0.045714285714285707307 0.046846153846153842926 0.05133333333333333498 0.052202380952380958434 0.053071428571428588827 0.052750000000000005218 0.052428571428571428548 0.051142857142857142683 0.051499999999999997169 0.051230769230769239442 0.050846153846153860356
-9999 -9999 -9999 -9999 -9999 -9999 -9999 -9999 -9999 0.064000000000000001332 0.066000000000000003109 0.063230769230769257039 0.061222527472527488168 0.059214285714285726236 0.057750000000000009659 0.056285714285714286143 0.05114285714285715656 0.049785714285714294247 0.048428571428571431934 0.047428571428571431046 0.046428571428571423219 0.044857142857142852377 0.045785714285714283756 0.043999999999999990508 0.043249999999999989841 0.042499999999999989175 0.042999999999999989619 0.043071428571428573007 0.043333333333333327875 0.04283333333333333437 0.042333333333333333925 0.043499999999999990064 0.043285714285714281535 0.041428571428571432655 0.042964285714285711804 0.044499999999999990952 0.044285714285714275484 0.04535714285714285976 0.049571428571428564902 0.050642857142857142239 0.051714285714285726514 0.052285714285714296468 0.052857142857142859482 0.051428571428571427659 0.051285714285714281702 0.051714285714285726514 0.051280219780219793435
-9999 -9999 -9999 -9999 -9999 -9999 -9999 0.064000000000000001332 0.063500000000000000888 0.060499999999999998224 0.063714285714285709417 0.059142857142857163666 0.057863095238095255124 0.056583333333333339643 0.054577380952380953605 0.052571428571428567567 0.048153846153846151246 0.046846153846153842926 0.045538461538461534606 0.044983516483516478024 0.044428571428571421442 0.042999999999999989619 0.04330769230769230399 0.042285714285714280647 0.041714285714285717632 0.041142857142857147679 0.041666666666666664354 0.041357142857142856207 0.042142857142857141628 0.041571428571428571674 0.041000000000000001721 0.041142857142857147679 0.041642857142857141184 0.04016666666666666996 0.041154761904761902325 0.042142857142857141628 0.042142857142857141628 0.044692307692307690903 0.04799999999999999406 0.049321428571428571619 0.050642857142857156116 0.051488095238095249462 0.052333333333333335868 0.051999999999999997613 0.051571428571428566678 0.052076923076923090083 0.052000000000000011491
-9999 -9999 -9999 -9999 -9999 0.064000000000000001332 0.063200000000000006173 0.063742857142857156649 0.064285714285714293248 0.061285714285714283645 0.056666666666666670737 0.054500000000000013711 0.05417857142857144398 0.053857142857142874248 0.050571428571428572729 0.047285714285714278149 0.044846153846153841149 0.044461538461538455125 0.044076923076923076039 0.043455128205128201735 0.04283333333333333437 0.041666666666666664354 0.042142857142857148567 0.040666666666666670404 0.040404761904761908597 0.040142857142857146791 0.041000000000000001721 0.04069230769230768735 0.040714285714285716744 0.040642857142857147235 0.040571428571428577725 0.040571428571428577725 0.040230769230769222733 0.039571428571428576837 0.040428571428571438706 0.041285714285714293637 0.041166666666666670849 0.042857142857142857539 0.046499999999999992728 0.047874999999999993949 0.049249999999999995171 0.050482142857142850434 0.051714285714285712636 0.052428571428571428548 0.052333333333333335868 0.052714285714285727402 0.052750000000000019096
-9999 -9999 -9999 -9999 0.061350000000000001754 0.059111111111111114269 0.059857142857142851822 0.059714285714285705864 0.059571428571428566845 0.043285714285714281535 0.044999999999999998335 0.048749999999999994726 0.04937500000000000222 0.050000000000000009714 0.048214285714285716467 0.046428571428571423219 0.043857142857142858428 0.043107142857142857761 0.042357142857142857095 0.042178571428571426383 0.04199999999999999567 0.041571428571428578613 0.041428571428571425717 0.040285714285714292748 0.03972619047619048438 0.039166666666666669072 0.040000000000000000833 0.040076923076923072486 0.040666666666666670404 0.04016666666666666996 0.039666666666666669516 0.039666666666666669516 0.039307692307692300437 0.038714285714285714968 0.039440476190476192464 0.04016666666666666996 0.040857142857142862702 0.042642857142857142072 0.046142857142857138242 0.047392857142857139352 0.048642857142857147401 0.05010714285714285704 0.051571428571428566678 0.051857142857142858594 0.052571428571428567567 0.053000000000000012379 0.052846153846153862133
-9999 -9999 0.052999999999999998501 0.058700000000000002176 0.064399999999999998912 0.053785714285714304739 0.042666666666666658303 0.044416666666666659857 0.046166666666666661412 0.032833333333333332427 0.053428571428571429436 0.049857142857142863757 0.048351648351648353341 0.046846153846153842926 0.045494505494505489696 0.044142857142857136465 0.043214285714285712026 0.042607142857142857317 0.04199999999999999567 0.041714285714285717632 0.041428571428571432655 0.040714285714285716744 0.040785714285714279315 0.039142857142857145902 0.039214285714285715412 0.03928571428571429186 0.0393333333333333382 0.039357142857142854431 0.039714285714285715856 0.039642857142857146346 0.039571428571428576837 0.038857142857142860926 0.038999999999999993006 0.039500000000000000389 0.039678571428571431101 0.039857142857142861814 0.040571428571428577725 0.042499999999999996114 0.044428571428571421442 0.04582142857142856851 0.047214285714285715578 0.048678571428571432156 0.050142857142857141795 0.051142857142857142683 0.052857142857142859482 0.050000000000000002776 0.050928571428571434154
-9999 0.037333333333333329485 0.04163636363636363108 0.042984848484848479921 0.044333333333333328763 0.041461538461538466338 0.039857142857142854875 0.041428571428571425717 0.042999999999999996558 0.040428571428571431767 0.044285714285714275484 0.046571428571428576115 0.045939560439560440941 0.045307692307692305766 0.044237179487179485726 0.043166666666666665686 0.042076923076923074263 0.041538461538461537992 0.040999999999999994782 0.040785714285714286254 0.040571428571428577725 0.040714285714285716744 0.040499999999999994338 0.039428571428571430879 0.039428571428571430879 0.039428571428571430879 0.038285714285714290972 0.038714285714285708029 0.03928571428571429186 0.039059523809523814808 0.038833333333333337756 0.038714285714285714968 0.038857142857142853987 0.039714285714285715856 0.040071428571428577281 0.040428571428571431767 0.040857142857142862702 0.042666666666666658303 0.044142857142857136465 0.045392857142857137576 0.046642857142857145625 0.048071428571428570509 0.049499999999999995393 0.050666666666666665408 0.050714285714285711748 0.048384615384615387024 0.049038461538461544653
0.021666666666666667407 0.013000000000000001138 0.024571428571428577392 0.025785714285714286809 0.026999999999999999695 0.037428571428571422164 0.046571428571428562238 0.044785714285714275928 0.042999999999999989619 0.041000000000000001721 0.049333333333333333204 0.045999999999999999223 0.046464285714285714912 0.046928571428571430602 0.045964285714285707529 0.044999999999999991396 0.041846153846153852363 0.041884615384615381251 0.041923076923076917077 0.041044871794871790049 0.04016666666666666996 0.041166666666666670849 0.040357142857142855319 0.038666666666666668628 0.038750000000000006661 0.038833333333333337756 0.03771428571428571408 0.038583333333333323656 0.037999999999999999056 0.038357142857142853543 0.038714285714285714968 0.0393333333333333382 0.039741666666666668195 0.039714285714285715856 0.04019047619047619313 0.040666666666666670404 0.040666666666666670404 0.0419285714285714331 0.044666666666666660079 0.045749999999999999001 0.046833333333333330983 0.047845238095238093456 0.04885714285714285593 0.048999999999999994948 0.049999999999999995837 0.048285714285714285976 0.048719780219780219055
0.032250000000000000888 0.010142857142857144431 0.015142857142857147137 0.023571428571428573034 0.032000000000000000666 0.025615384615384619721 0.044857142857142852377 0.04271428571428571852 0.040571428571428577725 0.043571428571428573451 0.050714285714285711748 0.047785714285714285532 0.046892857142857138908 0.045999999999999999223 0.044142857142857136465 0.042285714285714280647 0.04199999999999999567 0.041821428571428564958 0.041642857142857141184 0.041250000000000001943 0.040857142857142862702 0.040714285714285716744 0.039999999999999993894 0.039428571428571430879 0.038928571428571430435 0.038428571428571429991 0.038142857142857145014 0.037928571428571422608 0.037285714285714290084 0.036892857142857143904 0.036499999999999997724 0.038999999999999999944 0.039142857142857138963 0.038714285714285714968 0.039571428571428576837 0.040428571428571431767 0.039571428571428576837 0.041428571428571425717 0.044142857142857136465 0.045285714285714283311 0.046428571428571430157 0.046857142857142854153 0.047285714285714278149 0.047571428571428563126 0.048714285714285709972 0.047571428571428577003 0.048000000000000000999
0.020499999999999997391 0.0094999999999999997641 0.015714285714285715356 0.021499999999999998279 0.027285714285714284671 0.030500000000000009742 0.032428571428571431601 0.04104761904761904806 0.04966666666666666452 0.042999999999999996558 0.045142857142857137354 0.04330769230769230399 0.042961538461538453793 0.042615384615384610534 0.041950549450549448616 0.041285714285714293637 0.041428571428571425717 0.041249999999999995004 0.04107142857142857123 0.040750000000000001499 0.040428571428571431767 0.040428571428571431767 0.040142857142857139852 0.038857142857142860926 0.038500000000000006439 0.038142857142857145014 0.038666666666666668628 0.038142857142857138075 0.037428571428571429103 0.037547619047619051891 0.03766666666666666774 0.037999999999999999056 0.038642857142857138519 0.038166666666666668184 0.039011904761904761529 0.039857142857142861814 0.039857142857142861814 0.041428571428571425717 0.044714285714285706419 0.045774999999999996247 0.046835714285714293015 0.04727499999999999758 0.047714285714285709084 0.048428571428571424995 0.048714285714285709972 0.048615384615384615863 0.048593406593406593408
