examples/shallow_reservoirs_case/rasters/hexagon_sim_005_norm_linear.asc
ncols        120
nrows        80
xllcorner    0.000000000000
yllcorner    0.000000000000
cellsize     0.050000000000
NODATA_value  -9999
[rows 51 to 67 of 80, columns 0 to 39 of 120]
-9999 -9999 -9999 -9999 -9999 -9999 -9999 0.034000000000000002442 0.035000000000000003331 0.033166666666666670682 0.031333333333333338033 0.029499999999999998446 0.02960000000000000131 0.029699999999999997236 0.0298000000000000001 0.029899999999999999495 0.02999999999999999889 0.030249999999999999112 0.030499999999999999334 0.030749999999999999556 0.030999999999999999778 0.03166666666666666935 0.032333333333333331983 0.033000000000000001554 0.032812500000000001388 0.032625000000000001221 0.032437500000000001055 0.032250000000000000888 0.03230000000000000232 0.032350000000000003753 0.032399999999999998246 0.032449999999999999678 0.03250000000000000111 0.032625000000000001221 0.032750000000000001332 0.032875000000000001443 0.033000000000000001554 0.033000000000000001554 0.033000000000000001554 0.033000000000000001554
-9999 -9999 -9999 -9999 -9999 -9999 -9999 -9999 0.035000000000000003331 0.033000000000000001554 0.030999999999999999778 0.028999999999999998002 0.029199999999999996791 0.029399999999999999051 0.02960000000000000131 0.0298000000000000001 0.02999999999999999889 0.030249999999999999112 0.030499999999999999334 0.030749999999999999556 0.030999999999999999778 0.03166666666666666935 0.032333333333333331983 0.033000000000000001554 0.033000000000000001554 0.033000000000000001554 0.033000000000000001554 0.033000000000000001554 0.032800000000000002764 0.032600000000000003975 0.032399999999999998246 0.032199999999999999456 0.032000000000000000666 0.032250000000000000888 0.03250000000000000111 0.032750000000000001332 0.033000000000000001554 0.033000000000000001554 0.033000000000000001554 0.033000000000000001554
-9999 -9999 -9999 -9999 -9999 -9999 -9999 -9999 -9999 0.032666666666666670238 0.030999999999999999778 0.028999999999999998002 0.029199999999999996791 0.029399999999999999051 0.02960000000000000131 0.0298000000000000001 0.02999999999999999889 0.030249999999999999112 0.030499999999999999334 0.030749999999999999556 0.030999999999999999778 0.03166666666666666935 0.032333333333333338921 0.033000000000000001554 0.03306250000000000161 0.033125000000000001665 0.033187500000000001721 0.033250000000000001776 0.033000000000000001554 0.032750000000000001332 0.03250000000000000111 0.032250000000000000888 0.032000000000000000666 0.032100000000000003531 0.032199999999999999456 0.032299999999999995381 0.032399999999999998246 0.032549999999999995604 0.0326999999999999999 0.032850000000000004197
-9999 -9999 -9999 -9999 -9999 -9999 -9999 -9999 -9999 0.030999999999999999778 0.030333333333333333676 0.028999999999999998002 0.029199999999999996791 0.029399999999999999051 0.029599999999999997841 0.0298000000000000001 0.02999999999999999889 0.030249999999999999112 0.030499999999999999334 0.030749999999999999556 0.030999999999999999778 0.03166666666666666935 0.032333333333333338921 0.033000000000000001554 0.033250000000000001776 0.033500000000000001998 0.03375000000000000222 0.034000000000000002442 0.033599999999999997924 0.033200000000000000344 0.032799999999999995826 0.032399999999999998246 0.032000000000000000666 0.032000000000000000666 0.032000000000000000666 0.032000000000000000666 0.032000000000000000666 0.032125000000000000777 0.032250000000000000888 0.032375000000000000999
-9999 -9999 -9999 -9999 -9999 -9999 -9999 -9999 -9999 -9999 0.030333333333333333676 0.027999999999999997113 0.028359999999999999792 0.028719999999999999002 0.029080000000000001681 0.029439999999999997421 0.0298000000000000001 0.03016250000000000181 0.03052500000000000005 0.03088749999999999829 0.03125 0.032100000000000003531 0.032950000000000007061 0.033800000000000003653 0.033850000000000005085 0.033899999999999999578 0.03395000000000000101 0.034000000000000002442 0.033600000000000004863 0.033200000000000000344 0.032799999999999995826 0.032399999999999998246 0.032000000000000000666 0.032187500000000000833 0.032375000000000000999 0.032562500000000001166 0.032750000000000001332 0.032562500000000001166 0.032375000000000000999 0.032187500000000000833
-9999 -9999 -9999 -9999 -9999 -9999 -9999 -9999 -9999 -9999 -9999 0.027999999999999997113 0.028199999999999999373 0.028400000000000001632 0.028600000000000000422 0.028799999999999999212 0.028999999999999998002 0.029749999999999998668 0.030499999999999999334 0.03125 0.032000000000000000666 0.032600000000000003975 0.033200000000000007283 0.033800000000000003653 0.033787500000000005029 0.033774999999999999467 0.033762500000000000844 0.03375000000000000222 0.033480000000000002813 0.033210000000000003406 0.03293999999999999706 0.032669999999999997653 0.032399999999999998246 0.032549999999999995604 0.0326999999999999999 0.032850000000000004197 0.033000000000000001554 0.032750000000000001332 0.03250000000000000111 0.032250000000000000888
-9999 -9999 -9999 -9999 -9999 -9999 -9999 -9999 -9999 -9999 -9999 0.027999999999999997113 0.028199999999999999373 0.028400000000000001632 0.028600000000000000422 0.028799999999999999212 0.028999999999999998002 0.029937499999999998834 0.030874999999999999667 0.0318125000000000005 0.032750000000000001332 0.032833333333333332427 0.03291666666666667046 0.033000000000000001554 0.033000000000000001554 0.033000000000000001554 0.033000000000000001554 0.033000000000000001554 0.033000000000000001554 0.033000000000000001554 0.033000000000000001554 0.033000000000000001554 0.033000000000000001554 0.033000000000000001554 0.033000000000000001554 0.033000000000000001554 0.033000000000000001554 0.032750000000000001332 0.03250000000000000111 0.032250000000000000888
-9999 -9999 -9999 -9999 -9999 -9999 -9999 -9999 -9999 -9999 -9999 -9999 0.028199999999999995903 0.028400000000000001632 0.028600000000000000422 0.028799999999999999212 0.028999999999999998002 0.030050000000000000322 0.031099999999999999173 0.032149999999999998024 0.033200000000000000344 0.032799999999999995826 0.032399999999999998246 0.032000000000000000666 0.032250000000000000888 0.03250000000000000111 0.032750000000000001332 0.033000000000000001554 0.033000000000000001554 0.033000000000000001554 0.033000000000000001554 0.033000000000000001554 0.033000000000000001554 0.033000000000000001554 0.033000000000000001554 0.033000000000000001554 0.033000000000000001554 0.032750000000000001332 0.03250000000000000111 0.032250000000000000888
-9999 -9999 -9999 -9999 -9999 -9999 -9999 -9999 -9999 -9999 -9999 -9999 -9999 0.028399999999999994693 0.028599999999999996952 0.028799999999999999212 0.028999999999999998002 0.02999999999999999889 0.030999999999999999778 0.032000000000000000666 0.033000000000000001554 0.032666666666666670238 0.032333333333333331983 0.032000000000000000666 0.032250000000000000888 0.03250000000000000111 0.032750000000000001332 0.033000000000000001554 0.033000000000000001554 0.033000000000000001554 0.033000000000000001554 0.033000000000000001554 0.033000000000000001554 0.033200000000000000344 0.033399999999999999134 0.033600000000000004863 0.033800000000000003653 0.033400000000000006073 0.033000000000000001554 0.032599999999999997036
-9999 -9999 -9999 -9999 -9999 -9999 -9999 -9999 -9999 -9999 -9999 -9999 -9999 -9999 0.028599999999999996952 0.028799999999999999212 0.028999999999999998002 0.029812499999999998723 0.030624999999999999445 0.031437500000000000167 0.032250000000000000888 0.032166666666666669794 0.032083333333333331761 0.032000000000000000666 0.032250000000000000888 0.03250000000000000111 0.032750000000000001332 0.033000000000000001554 0.033100000000000004419 0.033200000000000000344 0.033300000000000003209 0.033400000000000006073 0.033500000000000001998 0.033625000000000002109 0.03375000000000000222 0.033875000000000002331 0.034000000000000002442 0.03375000000000000222 0.033500000000000001998 0.033250000000000001776
-9999 -9999 -9999 -9999 -9999 -9999 -9999 -9999 -9999 -9999 -9999 -9999 -9999 -9999 -9999 0.028799999999999999212 0.028999999999999998002 0.029399999999999999051 0.0298000000000000001 0.03019999999999999768 0.030599999999999998729 0.030999999999999999778 0.031400000000000004297 0.031800000000000001876 0.032100000000000003531 0.032399999999999998246 0.0326999999999999999 0.033000000000000001554 0.033240000000000005653 0.033480000000000002813 0.033719999999999999973 0.033960000000000004072 0.034200000000000001232 0.034400000000000000022 0.034600000000000005751 0.034800000000000004541 0.035000000000000003331 0.034600000000000005751 0.034200000000000001232 0.033799999999999996714
-9999 -9999 -9999 -9999 -9999 -9999 -9999 -9999 -9999 -9999 -9999 -9999 -9999 -9999 -9999 0.027333333333333334481 0.028999999999999998002 0.029062499999999998057 0.029124999999999998113 0.029187499999999998168 0.029249999999999998224 0.029833333333333329762 0.030416666666666668239 0.030999999999999999778 0.031500000000000000222 0.032000000000000000666 0.03250000000000000111 0.033000000000000001554 0.033400000000000006073 0.033800000000000003653 0.034200000000000001232 0.034600000000000005751 0.035000000000000003331 0.03487500000000000322 0.034750000000000003109 0.034625000000000002998 0.034500000000000002887 0.034375000000000002776 0.034250000000000002665 0.034125000000000002554
-9999 -9999 -9999 -9999 -9999 -9999 -9999 -9999 -9999 -9999 -9999 -9999 -9999 -9999 -9999 -9999 0.02753333333333333327 0.02874999999999999778 0.028125000000000000694 0.028162500000000000033 0.028199999999999995903 0.029133333333333333998 0.030066666666666665153 0.030999999999999999778 0.03164999999999999758 0.03230000000000000232 0.032950000000000007061 0.033600000000000004863 0.033960000000000004072 0.034320000000000003282 0.034680000000000002491 0.035040000000000001701 0.03540000000000000091 0.035049999999999997824 0.034700000000000001676 0.034350000000000005529 0.034000000000000002442 0.034350000000000005529 0.034700000000000001676 0.035049999999999997824
-9999 -9999 -9999 -9999 -9999 -9999 -9999 -9999 -9999 -9999 -9999 -9999 -9999 -9999 -9999 -9999 -9999 0.02773333333333333206 0.028499999999999997558 0.027662499999999999589 0.027250000000000003386 0.028500000000000004496 0.029750000000000002137 0.030999999999999999778 0.031750000000000000444 0.03250000000000000111 0.033250000000000001776 0.034000000000000002442 0.034400000000000000022 0.034800000000000004541 0.035200000000000002121 0.035600000000000006639 0.036000000000000004219 0.035500000000000003775 0.035000000000000003331 0.034500000000000002887 0.034000000000000002442 0.034625000000000002998 0.035250000000000003553 0.035875000000000004108
-9999 -9999 -9999 -9999 -9999 -9999 -9999 -9999 -9999 -9999 -9999 -9999 -9999 -9999 -9999 -9999 -9999 -9999 0.02793333333333333085 0.028249999999999997335 0.027200000000000001954 0.028383333333333336801 0.029566666666666664709 0.030749999999999999556 0.031375000000000000111 0.032000000000000000666 0.032625000000000001221 0.033250000000000001776 0.033850000000000005085 0.034450000000000001454 0.035050000000000004763 0.035650000000000008071 0.036250000000000004441 0.035687500000000003941 0.035125000000000003442 0.034562500000000002942 0.034000000000000002442 0.034562500000000002942 0.035125000000000003442 0.035687500000000003941
-9999 -9999 -9999 -9999 -9999 -9999 -9999 -9999 -9999 -9999 -9999 -9999 -9999 -9999 -9999 -9999 -9999 -9999 -9999 0.027999999999999997113 0.027999999999999997113 0.028666666666666666685 0.029333333333333329318 0.02999999999999999889 0.030749999999999999556 0.031500000000000000222 0.032250000000000000888 0.033000000000000001554 0.033800000000000003653 0.034600000000000005751 0.03540000000000000091 0.036200000000000003009 0.037000000000000005107 0.036250000000000004441 0.035500000000000003775 0.034750000000000003109 0.034000000000000002442 0.034500000000000002887 0.035000000000000003331 0.035500000000000003775
-9999 -9999 -9999 -9999 -9999 -9999 -9999 -9999 -9999 -9999 -9999 -9999 -9999 -9999 -9999 -9999 -9999 -9999 -9999 0.026666666666666668378 0.027999999999999997113 0.028533333333333334159 0.029066666666666664265 0.029599999999999997841 0.030262499999999997735 0.030925000000000001099 0.031587499999999997524 0.032250000000000000888 0.033100000000000004419 0.03395000000000000101 0.034800000000000004541 0.035650000000000001132 0.036500000000000004663 0.035875000000000004108 0.035250000000000003553 0.034625000000000002998 0.034000000000000002442 0.034500000000000002887 0.035000000000000003331 0.035500000000000003775
