examples/shallow_reservoirs_case/rasters/hexagon_exp_005_norm_linear.asc
ncols        120
nrows        80
xllcorner    0.000000000000
yllcorner    0.000000000000
cellsize     0.050000000000
NODATA_value  -9999
[rows 18 to 35 of 80, columns 0 to 38 of 120]
-9999 -9999 -9999 -9999 -9999 -9999 -9999 -9999 -9999 -9999 -9999 -9999 -9999 -9999 0.033000000000000001554 0.03344444444444444331 0.034000000000000002442 0.034000000000000002442 0.034000000000000002442 0.035500000000000003775 0.037000000000000005107 0.036800000000000006317 0.036600000000000007527 0.037400000000000002687 0.037333333333333336423 0.03726666666666667016 0.037200000000000003897 0.038199999999999997846 0.037733333333333334003 0.03726666666666667016 0.036800000000000006317 0.037299999999999999822 0.037800000000000000266 0.037999999999999999056 0.037999999999999999056 0.038000000000000005995 0.037999999999999999056 0.037000000000000005107 0.037333333333333343362
-9999 -9999 -9999 -9999 -9999 -9999 -9999 -9999 -9999 -9999 -9999 -9999 -9999 0.033000000000000001554 0.03333333333333333981 0.033666666666666671126 0.034000000000000002442 0.034400000000000000022 0.034800000000000004541 0.035275000000000000799 0.035750000000000003997 0.036575000000000003342 0.037400000000000002687 0.036500000000000004663 0.036933333333333338844 0.037366666666666673025 0.037800000000000007205 0.037600000000000008415 0.037233333333333340498 0.03686666666666667258 0.036500000000000004663 0.03737500000000000544 0.038249999999999999278 0.037999999999999999056 0.037916666666666667962 0.037833333333333343806 0.037750000000000005773 0.037749999999999998834 0.037583333333333336645
-9999 -9999 -9999 -9999 -9999 -9999 -9999 -9999 -9999 -9999 -9999 -9999 -9999 0.03375000000000000222 0.033833333333333333315 0.033916666666666671348 0.034000000000000002442 0.034500000000000002887 0.035000000000000003331 0.035900000000000001354 0.036800000000000006317 0.036650000000000002021 0.036500000000000004663 0.037000000000000005107 0.036833333333333342918 0.036666666666666673791 0.036500000000000004663 0.037000000000000005107 0.037200000000000003897 0.037400000000000002687 0.037600000000000001477 0.037600000000000008415 0.037600000000000008415 0.038200000000000004785 0.037800000000000007205 0.037400000000000002687 0.037000000000000005107 0.037999999999999999056 0.037800000000000000266
-9999 -9999 -9999 -9999 -9999 -9999 -9999 -9999 -9999 -9999 -9999 -9999 0.034208333333333340587 0.034800000000000004541 0.03478333333333333971 0.034766666666666674879 0.034750000000000003109 0.03507500000000000201 0.03540000000000000091 0.036500000000000004663 0.037600000000000008415 0.036800000000000006317 0.036000000000000004219 0.038800000000000001155 0.038133333333333338522 0.037466666666666675889 0.036800000000000006317 0.038400000000000003575 0.038183333333333339954 0.037966666666666676333 0.037750000000000005773 0.037500000000000005551 0.037250000000000005329 0.037749999999999998834 0.037833333333333329929 0.037916666666666667962 0.037999999999999999056 0.037250000000000005329 0.037500000000000005551
-9999 -9999 -9999 -9999 -9999 -9999 -9999 -9999 -9999 -9999 -9999 0.034666666666666672014 0.034333333333333340698 0.034000000000000002442 0.034600000000000005751 0.035200000000000009059 0.035800000000000005429 0.036000000000000004219 0.036200000000000003009 0.036725000000000007638 0.037250000000000005329 0.037325000000000004008 0.037400000000000002687 0.038249999999999999278 0.038033333333333335657 0.037816666666666672036 0.037600000000000001477 0.038600000000000002365 0.038200000000000004785 0.037800000000000007205 0.037400000000000002687 0.038199999999999997846 0.038999999999999999944 0.038400000000000003575 0.038333333333333337312 0.038266666666666671048 0.038199999999999997846 0.037000000000000005107 0.037333333333333343362
-9999 -9999 -9999 -9999 -9999 -9999 -9999 -9999 -9999 -9999 0.035333333333333334647 0.034500000000000002887 0.034450000000000001454 0.034400000000000000022 0.035016666666666668162 0.035633333333333336301 0.036250000000000004441 0.036625000000000004774 0.037000000000000005107 0.037400000000000002687 0.037800000000000000266 0.038275000000000003464 0.038749999999999999722 0.037000000000000005107 0.037333333333333336423 0.03766666666666666774 0.037999999999999999056 0.0384999999999999995 0.03808333333333333709 0.03766666666666666774 0.037250000000000005329 0.038125000000000006106 0.038999999999999999944 0.038749999999999999722 0.038250000000000006217 0.037750000000000005773 0.037250000000000005329 0.037999999999999999056 0.03766666666666666774
-9999 -9999 -9999 -9999 -9999 -9999 -9999 -9999 -9999 0.036000000000000004219 0.036000000000000004219 0.035200000000000002121 0.035600000000000006639 0.036000000000000004219 0.035866666666666671692 0.035733333333333339166 0.035600000000000006639 0.036300000000000005873 0.037000000000000005107 0.037750000000000005773 0.0384999999999999995 0.038349999999999995204 0.038199999999999997846 0.038600000000000002365 0.038533333333333336101 0.038466666666666669838 0.038400000000000003575 0.038600000000000002365 0.038666666666666668628 0.038733333333333334891 0.038800000000000001155 0.038800000000000001155 0.038800000000000001155 0.038000000000000005995 0.037800000000000007205 0.037600000000000008415 0.037400000000000002687 0.037999999999999999056 0.037933333333333332793
-9999 -9999 -9999 -9999 -9999 -9999 -9999 -9999 -9999 0.036600000000000000588 0.035500000000000003775 0.036000000000000004219 0.036000000000000004219 0.036000000000000004219 0.036250000000000004441 0.036500000000000004663 0.036750000000000004885 0.036875000000000004996 0.037000000000000005107 0.038400000000000003575 0.039800000000000002043 0.039400000000000004463 0.038999999999999999944 0.039500000000000000389 0.039266666666666671937 0.039033333333333336546 0.038800000000000001155 0.039600000000000003253 0.039400000000000004463 0.039199999999999998734 0.038999999999999999944 0.038250000000000006217 0.037500000000000005551 0.038249999999999999278 0.038333333333333330373 0.038416666666666668406 0.0384999999999999995 0.037500000000000005551 0.038000000000000005995
-9999 -9999 -9999 -9999 -9999 -9999 -9999 -9999 0.037199999999999996958 0.036250000000000004441 0.035600000000000006639 0.036500000000000004663 0.036250000000000004441 0.036000000000000004219 0.036666666666666666852 0.037333333333333336423 0.037999999999999999056 0.038249999999999999278 0.0384999999999999995 0.039125000000000000056 0.039750000000000000611 0.039875000000000000722 0.040000000000000000833 0.039199999999999998734 0.039383333333333332693 0.039566666666666666652 0.039750000000000000611 0.040000000000000000833 0.039666666666666669516 0.039333333333333331261 0.038999999999999999944 0.039300000000000001599 0.039600000000000003253 0.038199999999999997846 0.038333333333333337312 0.038466666666666669838 0.038600000000000002365 0.038400000000000003575 0.038800000000000001155
-9999 -9999 -9999 -9999 -9999 -9999 -9999 0.037800000000000000266 0.037000000000000005107 0.037000000000000005107 0.037000000000000005107 0.037400000000000002687 0.036900000000000002243 0.036400000000000001799 0.036866666666666665642 0.037333333333333336423 0.037800000000000000266 0.03869999999999999829 0.039600000000000003253 0.039500000000000007327 0.039400000000000004463 0.039500000000000007327 0.039600000000000003253 0.039250000000000000167 0.039300000000000001599 0.039350000000000003031 0.039400000000000004463 0.039400000000000004463 0.039266666666666671937 0.03913333333333333941 0.038999999999999999944 0.0396250000000000005 0.040250000000000001055 0.039250000000000000167 0.038666666666666668628 0.03808333333333333709 0.037500000000000005551 0.04074999999999999456 0.040166666666666663021
-9999 -9999 -9999 -9999 -9999 -9999 0.038400000000000003575 0.037750000000000005773 0.037250000000000005329 0.037424999999999999933 0.037600000000000001477 0.038249999999999999278 0.038374999999999999389 0.0384999999999999995 0.038833333333333330817 0.039166666666666669072 0.039500000000000000389 0.040000000000000000833 0.040500000000000001277 0.041874999999999995559 0.04324999999999999678 0.041874999999999995559 0.040499999999999994338 0.040599999999999997202 0.040866666666666662255 0.041133333333333327309 0.041399999999999992362 0.040750000000000001499 0.04056666666666666754 0.04038333333333334052 0.040199999999999999623 0.040499999999999994338 0.040799999999999995992 0.040799999999999995992 0.040533333333333324 0.040266666666666658947 0.039999999999999993894 0.041199999999999993572 0.041066666666666661045
-9999 -9999 -9999 -9999 -9999 0.038999999999999999944 0.038533333333333336101 0.038066666666666672258 0.037600000000000008415 0.037675000000000007094 0.037750000000000005773 0.039199999999999998734 0.038300000000000000711 0.037400000000000002687 0.03913333333333333941 0.040866666666666669194 0.042599999999999998979 0.042099999999999998535 0.041600000000000005029 0.042500000000000003053 0.043400000000000001077 0.043400000000000001077 0.043400000000000001077 0.042400000000000000189 0.042349999999999998757 0.042300000000000004263 0.042250000000000002831 0.04159999999999999809 0.041399999999999999301 0.041199999999999993572 0.040999999999999994782 0.041499999999999995226 0.042000000000000002609 0.040999999999999994782 0.041250000000000001943 0.041500000000000002165 0.041750000000000002387 0.041249999999999995004 0.041499999999999995226
-9999 -9999 -9999 -9999 -9999 0.038999999999999999944 0.038166666666666668184 0.037333333333333336423 0.036500000000000004663 0.037750000000000005773 0.038999999999999999944 0.040499999999999994338 0.041849999999999998312 0.043200000000000002287 0.044299999999999999101 0.045400000000000002853 0.046499999999999999667 0.044749999999999998113 0.042999999999999996558 0.045374999999999998668 0.047750000000000000777 0.046499999999999999667 0.045249999999999998557 0.044750000000000005052 0.044900000000000009348 0.045050000000000006706 0.045200000000000004063 0.043399999999999994138 0.042666666666666658303 0.041933333333333329407 0.041199999999999993572 0.041800000000000003819 0.042400000000000007128 0.042600000000000005917 0.042200000000000008338 0.041800000000000003819 0.041400000000000006239 0.043600000000000006806 0.043266666666666675489
-9999 -9999 -9999 -9999 0.039166666666666662133 0.038400000000000003575 0.038866666666666674357 0.039333333333333331261 0.039800000000000002043 0.041024999999999998967 0.042249999999999995892 0.044799999999999992606 0.046024999999999996469 0.047250000000000000333 0.04783333333333333881 0.04841666666666666341 0.049000000000000001887 0.047625000000000000666 0.046250000000000006384 0.050625000000000003331 0.054999999999999993339 0.052799999999999999711 0.050599999999999999145 0.050400000000000000355 0.050533333333333332882 0.050666666666666665408 0.050799999999999997935 0.047250000000000000333 0.045999999999999999223 0.044749999999999998113 0.043499999999999997002 0.04437499999999999778 0.045250000000000005496 0.047000000000000000111 0.046166666666666668351 0.04533333333333333659 0.044499999999999997891 0.048500000000000001443 0.048416666666666670349
-9999 -9999 -9999 -9999 0.041666666666666664354 0.039750000000000000611 0.041250000000000001943 0.042750000000000003275 0.044249999999999997669 0.047125000000000000222 0.050000000000000002776 0.052799999999999999711 0.052199999999999996403 0.051600000000000000033 0.053233333333333340831 0.054866666666666660812 0.056499999999999994671 0.054849999999999995981 0.05320000000000000423 0.055474999999999996536 0.057749999999999995781 0.05677499999999999214 0.055799999999999995437 0.056799999999999996325 0.056949999999999993683 0.057099999999999997979 0.057249999999999995337 0.051399999999999987366 0.051199999999999988576 0.050999999999999996725 0.050799999999999997935 0.050400000000000000355 0.050000000000000002776 0.052000000000000004552 0.051933333333333338289 0.051866666666666672025 0.051799999999999998823 0.05419999999999999124 0.053733333333333327397
-9999 -9999 -9999 0.039333333333333331261 0.044499999999999997891 0.044799999999999999545 0.046266666666666664276 0.047733333333333329007 0.049200000000000000677 0.051349999999999999811 0.053499999999999998945 0.060249999999999998002 0.057124999999999995226 0.053999999999999999389 0.057466666666666665897 0.060933333333333339343 0.064399999999999998912 0.063000000000000000444 0.061600000000000001976 0.063700000000000006617 0.06579999999999999738 0.065524999999999999911 0.065250000000000002442 0.060499999999999998224 0.062866666666666667918 0.065233333333333337611 0.067600000000000007305 0.0596000000000000002 0.058066666666666662266 0.056533333333333331272 0.054999999999999993339 0.055999999999999994227 0.056999999999999995115 0.057249999999999995337 0.05791666666666665797 0.058583333333333334481 0.059249999999999997113 0.055999999999999994227 0.056750000000000001832
-9999 -9999 0.036999999999999998168 0.039875000000000000722 0.042749999999999996336 0.049250000000000002109 0.049250000000000002109 0.049250000000000002109 0.049250000000000002109 0.051725000000000007083 0.054200000000000005118 0.057999999999999996003 0.058999999999999996891 0.05999999999999999778 0.063333333333333324822 0.066666666666666679619 0.070000000000000006661 0.068000000000000004885 0.066000000000000003109 0.065250000000000002442 0.064500000000000001776 0.063250000000000000666 0.061999999999999999556 0.068400000000000002465 0.066600000000000006417 0.064799999999999996492 0.063000000000000000444 0.060499999999999998224 0.060133333333333337245 0.059766666666666662389 0.059399999999999994471 0.057799999999999990274 0.056199999999999993017 0.060600000000000001088 0.060866666666666666141 0.061133333333333331194 0.061399999999999996247 0.0653999999999999998 0.063733333333333336279
-9999 -9999 0.045666666666666667906 0.03920833333333333115 0.032750000000000001332 0.043999999999999997446 0.043266666666666661611 0.042533333333333339654 0.041800000000000003819 0.046899999999999997247 0.051999999999999997613 0.053249999999999998723 0.053999999999999999389 0.054750000000000000056 0.05816666666666667207 0.061583333333333337145 0.06500000000000000222 0.067200000000000009726 0.069400000000000003353 0.06500000000000000222 0.060600000000000001088 0.068099999999999993872 0.075600000000000000533 0.066000000000000003109 0.064416666666666677621 0.062833333333333338255 0.06124999999999999889 0.074599999999999999645 0.070233333333333342052 0.065866666666666656704 0.061499999999999999112 0.065375000000000002554 0.069250000000000005995 0.065750000000000002887 0.066000000000000003109 0.066250000000000003331 0.066500000000000003553 0.069500000000000006217 0.068416666666666681174
