examples/shallow_reservoirs_case/rasters/hexagon_sim_005_norm_linear.asc
ncols        120
nrows        80
xllcorner    0.000000000000
yllcorner    0.000000000000
cellsize     0.050000000000
NODATA_value  -9999
[rows 0 to 16 of 80, columns 40 to 79 of 120]
0.032000000000000000666 0.032000000000000000666 0.032000000000000000666 0.032000000000000000666 0.032000000000000000666 0.032000000000000000666 0.032000000000000000666 0.032000000000000000666 0.032199999999999999456 0.032399999999999998246 0.032600000000000003975 0.032800000000000002764 0.033000000000000001554 0.033066666666666667818 0.033133333333333334081 0.033200000000000000344 0.033200000000000000344 0.033200000000000000344 0.033200000000000000344 0.033200000000000000344 0.033200000000000000344 0.033149999999999998912 0.033100000000000004419 0.033050000000000002986 0.033000000000000001554 0.033066666666666667818 0.033133333333333334081 0.033200000000000000344 0.033160000000000001974 0.033120000000000003604 0.033079999999999998295 0.033039999999999999925 0.033000000000000001554 0.033000000000000001554 0.033000000000000001554 0.033000000000000001554 0.033000000000000001554 0.033000000000000001554 0.033000000000000001554 0.033000000000000001554
0.032000000000000000666 0.032000000000000000666 0.032000000000000000666 0.032000000000000000666 0.032000000000000000666 0.032000000000000000666 0.032000000000000000666 0.032000000000000000666 0.032199999999999999456 0.032399999999999998246 0.032600000000000003975 0.032800000000000002764 0.033000000000000001554 0.033000000000000001554 0.033000000000000001554 0.033000000000000001554 0.033000000000000001554 0.033000000000000001554 0.033000000000000001554 0.033000000000000001554 0.033000000000000001554 0.033000000000000001554 0.033000000000000001554 0.033000000000000001554 0.033000000000000001554 0.033000000000000001554 0.033000000000000001554 0.033000000000000001554 0.033000000000000001554 0.033000000000000001554 0.033000000000000001554 0.033000000000000001554 0.033000000000000001554 0.032750000000000001332 0.03250000000000000111 0.032250000000000000888 0.032400000000000005185 0.032550000000000002542 0.032700000000000006839 0.032850000000000004197
0.032000000000000000666 0.031949999999999999234 0.031899999999999997802 0.031850000000000003308 0.031800000000000001876 0.03186666666666666814 0.031933333333333334403 0.032000000000000000666 0.032160000000000001086 0.032320000000000001505 0.032480000000000001925 0.032640000000000002345 0.032800000000000002764 0.032866666666666669028 0.032933333333333335291 0.033000000000000001554 0.033000000000000001554 0.033000000000000001554 0.033000000000000001554 0.033000000000000001554 0.033000000000000001554 0.032950000000000000122 0.03289999999999999869 0.032850000000000004197 0.032800000000000002764 0.032800000000000002764 0.032800000000000002764 0.032800000000000002764 0.032640000000000002345 0.032480000000000001925 0.032320000000000001505 0.032160000000000001086 0.032000000000000000666 0.031733333333333335613 0.03146666666666667056 0.031199999999999998568 0.031480000000000001037 0.031759999999999996567 0.032039999999999999036 0.032320000000000008444
0.031750000000000000444 0.031562500000000000278 0.031375000000000000111 0.031187499999999999944 0.030999999999999999778 0.03125 0.031500000000000000222 0.031750000000000000444 0.031800000000000001876 0.031850000000000003308 0.031899999999999997802 0.031949999999999999234 0.032000000000000000666 0.032250000000000000888 0.03250000000000000111 0.032750000000000001332 0.032800000000000002764 0.032850000000000004197 0.03289999999999999869 0.032950000000000007061 0.033000000000000001554 0.033000000000000001554 0.033000000000000001554 0.033000000000000001554 0.033000000000000001554 0.032666666666666670238 0.032333333333333331983 0.032000000000000000666 0.031850000000000003308 0.031699999999999999012 0.031550000000000001654 0.031400000000000004297 0.03125 0.031166666666666668906 0.031083333333333334342 0.030999999999999999778 0.031200000000000002037 0.031399999999999997358 0.031600000000000003086 0.031800000000000001876
0.030999999999999999778 0.030900000000000000383 0.030800000000000000988 0.030699999999999998124 0.030599999999999998729 0.030733333333333334725 0.030866666666666667251 0.030999999999999999778 0.031200000000000002037 0.031399999999999997358 0.031600000000000003086 0.031800000000000001876 0.032000000000000000666 0.032000000000000000666 0.032000000000000000666 0.032000000000000000666 0.032160000000000001086 0.032320000000000001505 0.032480000000000001925 0.032640000000000002345 0.032800000000000002764 0.032850000000000004197 0.03289999999999999869 0.032950000000000000122 0.033000000000000001554 0.032666666666666663299 0.032333333333333338921 0.032000000000000000666 0.031800000000000001876 0.031600000000000003086 0.031399999999999997358 0.031200000000000002037 0.030999999999999999778 0.030999999999999999778 0.031000000000000003247 0.030999999999999999778 0.031200000000000002037 0.031399999999999997358 0.031600000000000003086 0.031800000000000001876
0.030999999999999999778 0.030749999999999999556 0.030499999999999999334 0.030249999999999999112 0.02999999999999999889 0.030333333333333330206 0.030666666666666668462 0.030999999999999999778 0.031200000000000002037 0.031399999999999997358 0.031600000000000003086 0.031800000000000001876 0.032000000000000000666 0.032000000000000000666 0.032000000000000000666 0.032000000000000000666 0.032000000000000000666 0.032000000000000000666 0.032000000000000000666 0.032000000000000000666 0.032000000000000000666 0.032250000000000000888 0.03250000000000000111 0.032750000000000001332 0.033000000000000001554 0.032333333333333338921 0.03166666666666666935 0.030999999999999999778 0.031000000000000003247 0.030999999999999999778 0.030999999999999999778 0.030999999999999999778 0.030999999999999999778 0.030999999999999999778 0.031000000000000003247 0.030999999999999999778 0.031040000000000001618 0.031079999999999996518 0.031119999999999998358 0.031160000000000000198
0.030999999999999999778 0.030874999999999999667 0.030749999999999999556 0.030624999999999999445 0.030499999999999999334 0.030666666666666668462 0.03083333333333333412 0.030999999999999999778 0.031200000000000002037 0.031399999999999997358 0.031600000000000003086 0.031800000000000001876 0.032000000000000000666 0.032000000000000000666 0.032000000000000000666 0.032000000000000000666 0.031800000000000001876 0.031600000000000003086 0.031399999999999997358 0.031200000000000002037 0.030999999999999999778 0.031500000000000000222 0.032000000000000000666 0.03250000000000000111 0.033000000000000001554 0.032333333333333331983 0.03166666666666666935 0.030999999999999999778 0.030900000000000003852 0.030800000000000000988 0.030700000000000001593 0.030600000000000002198 0.030499999999999999334 0.030666666666666668462 0.03083333333333333412 0.030999999999999999778 0.030900000000000003852 0.030800000000000000988 0.030700000000000001593 0.030600000000000002198
0.03019999999999999768 0.030399999999999996469 0.030599999999999998729 0.030800000000000000988 0.030999999999999999778 0.030999999999999999778 0.031000000000000003247 0.030999999999999999778 0.031000000000000003247 0.030999999999999999778 0.030999999999999999778 0.030999999999999999778 0.030999999999999999778 0.031333333333333338033 0.03166666666666666935 0.032000000000000000666 0.031800000000000001876 0.031600000000000003086 0.031399999999999997358 0.031200000000000002037 0.030999999999999999778 0.031350000000000002864 0.031699999999999999012 0.032049999999999995159 0.032399999999999998246 0.03186666666666666814 0.031333333333333338033 0.030800000000000000988 0.030640000000000000568 0.030480000000000000149 0.030319999999999999729 0.030159999999999999309 0.02999999999999999889 0.030333333333333330206 0.030666666666666668462 0.030999999999999999778 0.030800000000000000988 0.030599999999999998729 0.030399999999999999939 0.030200000000000001149
0.030499999999999999334 0.030624999999999999445 0.030749999999999999556 0.030874999999999999667 0.030999999999999999778 0.031000000000000003247 0.030999999999999999778 0.030999999999999999778 0.031000000000000003247 0.030999999999999999778 0.030999999999999999778 0.030999999999999999778 0.030999999999999999778 0.030999999999999999778 0.031000000000000003247 0.030999999999999999778 0.031000000000000003247 0.030999999999999999778 0.030999999999999999778 0.030999999999999999778 0.030999999999999999778 0.03125 0.031500000000000000222 0.031750000000000000444 0.032000000000000000666 0.031333333333333338033 0.030666666666666664992 0.02999999999999999889 0.02999999999999999889 0.02999999999999999889 0.02999999999999999889 0.02999999999999999889 0.02999999999999999889 0.030333333333333330206 0.030666666666666668462 0.030999999999999999778 0.030800000000000000988 0.030599999999999998729 0.030399999999999999939 0.03019999999999999768
0.030999999999999999778 0.030999999999999999778 0.030999999999999999778 0.030999999999999999778 0.030999999999999999778 0.030999999999999999778 0.031000000000000003247 0.030999999999999999778 0.031000000000000003247 0.030999999999999999778 0.030999999999999999778 0.030999999999999999778 0.030999999999999999778 0.030999999999999999778 0.031000000000000003247 0.030999999999999999778 0.031000000000000003247 0.030999999999999999778 0.030999999999999999778 0.030999999999999999778 0.030999999999999999778 0.03125 0.031500000000000000222 0.031750000000000000444 0.032000000000000000666 0.031333333333333331094 0.030666666666666668462 0.02999999999999999889 0.02999999999999999889 0.02999999999999999889 0.02999999999999999889 0.02999999999999999889 0.02999999999999999889 0.030066666666666665153 0.030133333333333331416 0.03019999999999999768 0.02999999999999999889 0.02979999999999999663 0.029599999999999997841 0.029399999999999995581
0.030999999999999999778 0.030999999999999999778 0.030999999999999999778 0.030999999999999999778 0.030999999999999999778 0.031000000000000003247 0.030999999999999999778 0.030999999999999999778 0.030999999999999999778 0.030999999999999999778 0.030999999999999999778 0.031000000000000003247 0.030999999999999999778 0.031000000000000003247 0.030999999999999999778 0.030999999999999999778 0.031000000000000003247 0.030999999999999999778 0.030999999999999999778 0.030999999999999999778 0.030999999999999999778 0.03125 0.031500000000000000222 0.031750000000000000444 0.032000000000000000666 0.031333333333333338033 0.030666666666666664992 0.02999999999999999889 0.02999999999999999889 0.02999999999999999889 0.02999999999999999889 0.02999999999999999889 0.02999999999999999889 0.02999999999999999889 0.02999999999999999889 0.02999999999999999889 0.029649999999999999273 0.029299999999999999656 0.028949999999999996569 0.028600000000000000422
0.030999999999999999778 0.030999999999999999778 0.030999999999999999778 0.030999999999999999778 0.030999999999999999778 0.031000000000000003247 0.030999999999999999778 0.030999999999999999778 0.031000000000000003247 0.030999999999999999778 0.030999999999999999778 0.030999999999999999778 0.030999999999999999778 0.031000000000000003247 0.030999999999999999778 0.030999999999999999778 0.030999999999999999778 0.030999999999999999778 0.030999999999999999778 0.031000000000000003247 0.030999999999999999778 0.03125 0.031500000000000000222 0.031750000000000000444 0.032000000000000000666 0.031500000000000000222 0.030999999999999999778 0.030499999999999999334 0.030399999999999999939 0.030300000000000000544 0.03019999999999999768 0.030100000000000001754 0.02999999999999999889 0.02999999999999999889 0.02999999999999999889 0.02999999999999999889 0.02960000000000000131 0.029199999999999996791 0.028799999999999999212 0.028399999999999998163
0.030999999999999999778 0.030999999999999999778 0.030999999999999999778 0.030999999999999999778 0.030999999999999999778 0.031000000000000003247 0.030999999999999999778 0.030999999999999999778 0.030999999999999999778 0.030999999999999999778 0.030999999999999999778 0.031000000000000003247 0.030999999999999999778 0.030999999999999999778 0.031000000000000003247 0.030999999999999999778 0.031200000000000002037 0.031399999999999997358 0.031600000000000003086 0.031800000000000001876 0.032000000000000000666 0.032000000000000000666 0.032000000000000000666 0.032000000000000000666 0.032000000000000000666 0.03166666666666666935 0.031333333333333338033 0.030999999999999999778 0.030800000000000000988 0.030599999999999998729 0.030399999999999999939 0.030200000000000001149 0.02999999999999999889 0.02999999999999999889 0.02999999999999999889 0.02999999999999999889 0.02960000000000000131 0.029199999999999996791 0.028799999999999999212 0.028399999999999998163
0.030999999999999999778 0.030999999999999999778 0.030999999999999999778 0.030999999999999999778 0.030999999999999999778 0.031000000000000003247 0.030999999999999999778 0.030999999999999999778 0.030800000000000000988 0.030599999999999998729 0.030399999999999999939 0.030200000000000001149 0.02999999999999999889 0.030333333333333330206 0.030666666666666668462 0.030999999999999999778 0.031350000000000002864 0.031699999999999999012 0.032050000000000002098 0.032399999999999998246 0.032750000000000001332 0.032562500000000001166 0.032375000000000000999 0.032187500000000000833 0.032000000000000000666 0.032000000000000000666 0.032000000000000000666 0.032000000000000000666 0.031600000000000003086 0.031199999999999998568 0.030800000000000000988 0.030399999999999999939 0.02999999999999999889 0.02999999999999999889 0.02999999999999999889 0.02999999999999999889 0.0298000000000000001 0.02960000000000000131 0.029399999999999999051 0.029199999999999996791
0.030999999999999999778 0.030999999999999999778 0.030999999999999999778 0.030999999999999999778 0.030999999999999999778 0.031000000000000003247 0.030999999999999999778 0.030999999999999999778 0.030880000000000004667 0.030759999999999999148 0.030640000000000000568 0.030519999999999998519 0.030399999999999999939 0.030600000000000002198 0.030800000000000000988 0.030999999999999999778 0.031560000000000004716 0.032120000000000002716 0.032680000000000000715 0.033240000000000005653 0.033800000000000003653 0.033350000000000004641 0.03289999999999999869 0.032449999999999999678 0.032000000000000000666 0.032399999999999998246 0.032800000000000002764 0.033200000000000000344 0.032680000000000000715 0.032160000000000001086 0.031640000000000001457 0.031120000000000001827 0.030599999999999998729 0.030399999999999999939 0.03019999999999999768 0.02999999999999999889 0.0298000000000000001 0.02960000000000000131 0.029399999999999999051 0.029199999999999996791
0.030999999999999999778 0.030999999999999999778 0.030999999999999999778 0.030999999999999999778 0.030999999999999999778 0.030999999999999999778 0.031000000000000003247 0.030999999999999999778 0.031000000000000003247 0.030999999999999999778 0.030999999999999999778 0.030999999999999999778 0.030999999999999999778 0.030999999999999999778 0.031000000000000003247 0.030999999999999999778 0.031600000000000003086 0.032199999999999999456 0.032800000000000002764 0.033399999999999999134 0.034000000000000002442 0.033500000000000001998 0.033000000000000001554 0.03250000000000000111 0.032000000000000000666 0.032666666666666670238 0.03333333333333333981 0.034000000000000002442 0.033399999999999999134 0.032800000000000002764 0.032199999999999999456 0.031600000000000003086 0.030999999999999999778 0.030666666666666668462 0.030333333333333333676 0.02999999999999999889 0.02999999999999999889 0.02999999999999999889 0.02999999999999999889 0.02999999999999999889
0.031500000000000000222 0.031375000000000000111 0.03125 0.031124999999999999889 0.030999999999999999778 0.031000000000000003247 0.030999999999999999778 0.030999999999999999778 0.031000000000000003247 0.030999999999999999778 0.030999999999999999778 0.030999999999999999778 0.030999999999999999778 0.031333333333333338033 0.03166666666666666935 0.032000000000000000666 0.032199999999999999456 0.032399999999999998246 0.032600000000000003975 0.032800000000000002764 0.033000000000000001554 0.033000000000000001554 0.033000000000000001554 0.033000000000000001554 0.033000000000000001554 0.03333333333333333981 0.033666666666666671126 0.034000000000000002442 0.033600000000000004863 0.033200000000000000344 0.032799999999999995826 0.032399999999999998246 0.032000000000000000666 0.031333333333333331094 0.030666666666666668462 0.02999999999999999889 0.030300000000000000544 0.030599999999999998729 0.030900000000000000383 0.031199999999999998568
