examples/shallow_reservoirs_case/rasters/hexagon_sim_02_norm_linear.asc
ncols        30
nrows        20
xllcorner    0.000000000000
yllcorner    0.000000000000
cellsize     0.200000000000
NODATA_value  -9999
 -9999.0 -9999 -9999 -9999 -9999 -9999 0.029571428571428571425 0.030285714285714290805 0.031000000000000013656 0.031000000000000013656 0.031944444444444462794 0.031833333333333352355 0.032347222222222235533 0.03286111111111111871 0.032958333333333346415 0.033055555555555574121 0.03286111111111111871 0.032486111111111118377 0.032111111111111118044 0.03238888888888889761 0.032666666666666684116 0.032166666666666683672 0.03396000000000001795 -9999 -9999 -9999 -9999 -9999 -9999 -9999
 -9999 -9999 -9999 -9999 -9999 0.028999999999999998002 0.030684210526315803397 0.030842105263157910261 0.031000000000000017125 0.031000000000000017125 0.030789473684210543619 0.03076315789473684989 0.031315789473684227384 0.031868421052631601409 0.031802631578947387903 0.031736842105263174396 0.032026315789473701334 0.031421052631578960668 0.030815789473684216532 0.030881578947368433508 0.030947368421052647014 0.031000000000000017125 0.033513513513513518149 0.037999999999999999056 -9999 -9999 -9999 -9999 -9999 -9999
 -9999 -9999 -9999 -9999 -9999 0.030055555555555571456 0.030842105263157910261 0.03080340557275543234 0.030764705882352954419 0.031000000000000013656 0.030882352941176485772 0.031000000000000013656 0.031000000000000013656 0.031000000000000013656 0.031000000000000013656 0.031000000000000013656 0.031058823529411784536 0.030602941176470607049 0.030147058823529429561 0.029514705882352956778 0.028882352941176483996 0.030000000000000012768 0.032323529411764723163 0.037529411764705880583 0.039281249999999996725 -9999 -9999 -9999 -9999 -9999
 -9999 -9999 -9999 -9999 0.02937619047619047935 0.030371428571428583931 0.030111111111111126676 0.030371345029239781715 0.030631578947368436755 0.031000000000000017125 0.031000000000000017125 0.031000000000000003247 0.03090789473684210989 0.030815789473684216532 0.031986842105263167679 0.033157894736842122296 0.032289473684210534543 0.031250000000000013878 0.030210526315789493212 0.029605263157894752546 0.029000000000000015349 0.029947368421052646126 0.031837837837837841548 0.03733333333333335724 0.038947916666666679286 0.040562499999999994393 -9999 -9999 -9999 -9999
 -9999 -9999 -9999 0.030045238095238097076 0.029083333333333339504 0.031222222222222231064 0.03152631578947370089 0.031374269005847971181 0.031222222222222238003 0.031888888888888904105 0.031888888888888904105 0.03072222222222223062 0.031111111111111124095 0.031500000000000021039 0.032250000000000014766 0.033000000000000015432 0.033833333333333354132 0.032708333333333353132 0.031583333333333352133 0.032430555555555573566 0.033277777777777794999 0.033888888888888905881 0.034361111111111126981 0.039117647058823534767 0.040029411764705882804 0.04094117647058823084 0.042999999999999989619 -9999 -9999 -9999
 -9999 -9999 0.030714285714285714801 0.030857142857142864228 0.031000000000000013656 0.033000000000000015432 0.032777777777777794554 0.032683006535947731197 0.032588235294117660901 0.033411764705882369964 0.033470588235294133905 0.032176470588235306369 0.033000000000000015432 0.033823529411764724495 0.033500000000000015876 0.033176470588235307257 0.034794117647058836473 0.033926470588235307924 0.033058823529411786313 0.034970588235294142176 0.036882352941176491101 0.03717647058823531081 0.038529411764705881471 0.041777777777777781731 0.042006535947712420054 0.042235294117647065315 0.043235294117647066203 0.044999999999999991396 -9999 -9999
 -9999 -9999 0.033954545454545473349 0.034872009569378012439 0.035789473684210544591 0.038333333333333344251 0.036473684210526338689 0.036078947368421071529 0.035684210526315811307 0.036473684210526338689 0.037210526315789492491 0.036894736842105264885 0.037381578947368425403 0.037868421052631585921 0.0373289473684210657 0.036789473684210545479 0.038342105263157899575 0.038131578947368426069 0.037921052631578952563 0.039881578947368427623 0.041842105263157902684 0.042105263157894742831 0.042702702702702703685 0.04523529411764706798 0.045411764705882359805 0.04558823529411765163 0.045058823529411769215 0.04526315789473685236 -9999 -9999
 -9999 0.037398809523809521671 0.041777777777777781731 0.044527777777777791113 0.047277777777777793555 0.04975675675675675369 0.046944444444444462239 0.046354575163398706317 0.045764705882352950395 0.045823529411764714336 0.046823529411764715225 0.04594117647058824222 0.045985294117647061707 0.046029411764705881194 0.046014705882352943678 0.046000000000000006162 0.046500000000000006606 0.046117647058823534045 0.045735294117647061485 0.046779411764705888799 0.047823529411764716113 0.046647058823529423399 0.047176470588235305814 0.048555555555555567071 0.048160130718954259621 0.047764705882352952171 0.046882352941176479166 0.045562500000000019651 0.033458333333333326043 -9999
 -9999 0.044400000000000001965 0.048305555555555566849 0.052375000000000011824 0.056444444444444456799 0.063750000000000014988 0.066157894736842096095 0.064763157894736841924 0.063368421052631587753 0.061947368421052632914 0.06326315789473685447 0.061499999999999992173 0.05988157894736842457 0.058263157894736850029 0.059447368421052637633 0.060631578947368418298 0.056473684210526321758 0.054776315789473686846 0.053078947368421058872 0.052907894736842112082 0.052736842105263172231 0.05205263157894739201 0.052486486486486495784 0.051352941176470608131 0.0509411764705882536 0.050529411764705899068 0.049117647058823543649 0.047750000000000000777 0.04015384615384614414 -9999
 0.044083333333333328541 0.061882352941176471672 0.048648648648648665227 0.052376955903271703308 0.056105263157894741388 0.06694594594594595327 0.074157894736842089323 0.073134502923976593691 0.07211111111111109806 0.068555555555555577896 0.072888888888888891948 0.068361111111111136363 0.068625000000000019318 0.068888888888888916151 0.068388888888888901829 0.067888888888888887507 0.063638888888888855977 0.062277777777777765245 0.060916666666666667573 0.060708333333333350246 0.060500000000000025979 0.055777777777777787227 0.057416666666666685281 0.053111111111111129757 0.054694444444444462183 0.05627777777777779461 0.052388888888888908435 0.050969696969696984268 0.043785714285714281979 0.021916666666666664159
 0.047153846153846150357 0.046470588235294124635 0.04528571428571429025 0.047642857142857153452 0.050000000000000009714 0.054918918918918917249 0.057166666666666664243 0.058805555555555555358 0.060444444444444446474 0.059388888888888886897 0.059833333333333328652 0.060027777777777777124 0.060194444444444446252 0.060361111111111115379 0.061152777777777778123 0.061944444444444433928 0.056166666666666670293 0.055277777777777779844 0.054388888888888889395 0.055138888888888903939 0.055888888888888911544 0.056166666666666684171 0.055428571428571424273 0.056388888888888905049 0.05495915032679740686 0.053529411764705901733 0.054000000000000020206 0.051363636363636382132 0.041384615384615380806 0.017692307692307694678
 -9999 0.036800000000000013256 0.039027777777777779289 0.037347222222222226096 0.035666666666666679841 0.039138888888888896667 0.040421052631578954784 0.041210526315789482166 0.042000000000000009548 0.041611111111111119543 0.041611111111111119543 0.042805555555555561964 0.044013888888888894058 0.045222222222222226151 0.045611111111111116156 0.046000000000000013101 0.044749999999999998113 0.045208333333333336479 0.045666666666666667906 0.04700000000000000705 0.048333333333333346193 0.04861111111111112576 0.051361111111111114325 0.052058823529411782371 0.05200000000000001843 0.051941176470588254488 0.053882352941176492322 0.049187500000000008993 0.040230769230769222733 -9999
 -9999 0.037576923076923077205 0.033500000000000008937 0.032027777777777793888 0.030555555555555571901 0.032729729729729740983 0.032888888888888904993 0.03320915032679740142 0.033529411764705897847 0.034117647058823544204 0.033941176470588252378 0.034911764705882364357 0.035867647058823545758 0.036823529411764720221 0.037764705882352950228 0.038705882352941180236 0.037088235294117664897 0.038720588235294131629 0.040352941176470591422 0.040411764705882355364 0.040470588235294119306 0.043882352941176476502 0.046911764705882368076 0.048833333333333346638 0.04885784313725491379 0.048882352941176480943 0.053000000000000019318 0.046375000000000013434 0.029846153846153845174 -9999
 -9999 -9999 0.029590909090909108675 0.029769138755980875666 0.029947368421052646126 0.032138888888888897388 0.033578947368421069308 0.032789473684210541926 0.032000000000000014544 0.032555555555555573677 0.032666666666666684116 0.033083333333333353465 0.033569444444444471176 0.034055555555555581948 0.035305555555555576119 0.036555555555555570291 0.034944444444444465458 0.035736111111111128202 0.036527777777777790946 0.037597222222222226318 0.038666666666666668628 0.039944444444444449083 0.043000000000000010436 0.046117647058823540984 0.046588235294117652519 0.047058823529411770992 0.04841176470588236247 0.042263157894736842757 -9999 -9999
 -9999 -9999 0.027999999999999997113 0.028500000000000004496 0.029000000000000011879 0.032710526315789488494 0.03316666666666668456 0.033004385964912300033 0.032842105263157915507 0.033210526315789488938 0.032052631578947388125 0.033184210526315795209 0.034013157894736856246 0.034842105263157910344 0.034473684210526336913 0.034105263157894756543 0.032947368421052641851 0.033815789473684215727 0.034684210526315789602 0.036000000000000011158 0.037315789473684232713 0.039210526315789480389 0.041405405405405402985 0.045611111111111123095 0.046246732026143801131 0.046882352941176479166 0.043294117647058830145 0.04199999999999999567 -9999 -9999
 -9999 -9999 -9999 0.027800000000000005262 0.029000000000000011879 0.030722222222222244498 0.033157894736842122296 0.033856725146198848875 0.034555555555555575453 0.034388888888888906326 0.03400000000000001632 0.034250000000000023481 0.034875000000000017097 0.035500000000000003775 0.034305555555555561353 0.033111111111111125871 0.033027777777777794777 0.034694444444444458298 0.036361111111111121819 0.036875000000000018874 0.03738888888888890899 0.039222222222222227761 0.04105714285714287537 0.045352941176470595863 0.045470588235294123747 0.04558823529411765163 0.040181818181818179658 -9999 -9999 -9999
 -9999 -9999 -9999 -9999 0.027600000000000006473 0.02905714285714287512 0.03316666666666668456 0.034818627450980410565 0.03647058823529413657 0.03400000000000001632 0.036176470588235309922 0.036205882352941198832 0.036426470588235310144 0.036647058823529428395 0.036529411764705900512 0.036411764705882372628 0.035705882352941191449 0.036897058823529435556 0.038088235294117672725 0.038602941176470603746 0.039117647058823534767 0.039411764705882354476 0.0431142857142857161 0.045611111111111123095 0.044461805555555566905 0.043312500000000003775 -9999 -9999 -9999 -9999
 -9999 -9999 -9999 -9999 -9999 0.026833333333333344445 0.030526315789473700002 0.033210526315789495877 0.035894736842105284813 0.03542105263157896422 0.036368421052631598467 0.037710526315789492935 0.037210526315789485552 0.03671052631578947123 0.037486842105263158687 0.038263157894736846143 0.038289473684210525994 0.038947368421052633303 0.039605263157894740611 0.039881578947368420685 0.040157894736842107697 0.04100000000000000866 0.04361111111111111438 0.045705882352941186453 0.044656250000000008438 -9999 -9999 -9999 -9999 -9999
 -9999 -9999 -9999 -9999 -9999 0.026000000000000005745 0.027789473684210540955 0.030616959064327500806 0.033444444444444464126 0.036333333333333356352 0.036666666666666687668 0.036444444444444459852 0.036375000000000004552 0.036305555555555549252 0.035875000000000004108 0.035444444444444465903 0.038444444444444433873 0.037555555555555557301 0.036666666666666680729 0.038527777777777785784 0.040388888888888890838 0.041111111111111119099 0.039861111111111111049 0.046000000000000006162 -9999 -9999 -9999 -9999 -9999 -9999
 -9999 -9999 -9999 -9999 -9999 -9999 0.025999999999999998807 0.028916666666666673846 0.031833333333333352355 0.037000000000000018985 0.036000000000000018097 0.034250000000000023481 0.034125000000000016431 0.034000000000000002442 0.035583333333333341808 0.037166666666666674235 0.036194444444444452691 0.035986111111111121486 0.035777777777777797219 0.036277777777777797663 0.036777777777777798107 0.035888888888888907658 0.037280000000000021454 -9999 -9999 -9999 -9999 -9999 -9999 -9999
