examples/shallow_reservoirs_case/rasters/hexagon_exp_005_norm_linear.asc
ncols        120
nrows        80
xllcorner    0.000000000000
yllcorner    0.000000000000
cellsize     0.050000000000
NODATA_value  -9999
[rows 54 to 71 of 80, columns 0 to 38 of 120]
-9999 -9999 -9999 -9999 -9999 -9999 -9999 -9999 -9999 0.035177777777777780033 0.035800000000000012368 0.035750000000000003997 0.035775000000000001243 0.035800000000000005429 0.036200000000000003009 0.036600000000000007527 0.037000000000000005107 0.036800000000000006317 0.036600000000000007527 0.037000000000000005107 0.037400000000000002687 0.037574999999999997291 0.037749999999999998834 0.037750000000000005773 0.037900000000000003131 0.038050000000000000488 0.038199999999999997846 0.038199999999999997846 0.038133333333333331583 0.03806666666666666532 0.037999999999999999056 0.037800000000000000266 0.037600000000000001477 0.037999999999999999056 0.038000000000000005995 0.037999999999999999056 0.037999999999999999056 0.038800000000000001155 0.038866666666666667418
-9999 -9999 -9999 -9999 -9999 -9999 -9999 -9999 -9999 -9999 0.03478333333333333971 0.035000000000000003331 0.035000000000000003331 0.035000000000000003331 0.03540000000000000091 0.035800000000000005429 0.036200000000000003009 0.036900000000000002243 0.037600000000000008415 0.036550000000000006095 0.035500000000000003775 0.0370499999999999996 0.038600000000000002365 0.037600000000000001477 0.037733333333333340942 0.037866666666666673469 0.038000000000000005995 0.038600000000000002365 0.038400000000000003575 0.038200000000000004785 0.037999999999999999056 0.0384999999999999995 0.038999999999999999944 0.0384999999999999995 0.038416666666666668406 0.038333333333333330373 0.038249999999999999278 0.037500000000000005551 0.037916666666666667962
-9999 -9999 -9999 -9999 -9999 -9999 -9999 -9999 -9999 -9999 -9999 0.03375000000000000222 0.033875000000000002331 0.034000000000000002442 0.034416666666666671792 0.034833333333333341142 0.035250000000000003553 0.03612500000000000433 0.037000000000000005107 0.036300000000000005873 0.035600000000000006639 0.036175000000000005762 0.036750000000000004885 0.037999999999999999056 0.037833333333333336868 0.03766666666666666774 0.037500000000000005551 0.037750000000000005773 0.037833333333333343806 0.037916666666666667962 0.037999999999999999056 0.038300000000000000711 0.038600000000000002365 0.038199999999999997846 0.038400000000000003575 0.038600000000000002365 0.038800000000000001155 0.037800000000000000266 0.037800000000000007205
-9999 -9999 -9999 -9999 -9999 -9999 -9999 -9999 -9999 -9999 -9999 0.034000000000000002442 0.034750000000000003109 0.035500000000000003775 0.035466666666666674113 0.035433333333333337511 0.03540000000000000091 0.035900000000000001354 0.036400000000000001799 0.036450000000000003231 0.036500000000000004663 0.036150000000000001577 0.035800000000000005429 0.038749999999999999722 0.038433333333333333237 0.038116666666666673691 0.037800000000000000266 0.037800000000000000266 0.038116666666666666752 0.038433333333333333237 0.038749999999999999722 0.038500000000000006439 0.038250000000000006217 0.038249999999999999278 0.038416666666666668406 0.038583333333333330595 0.038749999999999999722 0.039250000000000000167 0.038833333333333330817
-9999 -9999 -9999 -9999 -9999 -9999 -9999 -9999 -9999 -9999 -9999 -9999 0.033700000000000000788 0.034600000000000005751 0.034733333333333338278 0.034866666666666670804 0.035000000000000003331 0.03540000000000000091 0.035800000000000005429 0.036300000000000005873 0.036800000000000006317 0.036500000000000004663 0.036200000000000003009 0.038000000000000005995 0.038066666666666672258 0.038133333333333338522 0.038199999999999997846 0.037999999999999999056 0.038400000000000003575 0.038800000000000001155 0.039199999999999998734 0.038199999999999997846 0.037200000000000003897 0.038600000000000002365 0.038933333333333333681 0.039266666666666671937 0.039600000000000003253 0.038999999999999999944 0.038866666666666667418
-9999 -9999 -9999 -9999 -9999 -9999 -9999 -9999 -9999 -9999 -9999 -9999 -9999 0.033399999999999999134 0.033666666666666664187 0.033933333333333336179 0.034200000000000001232 0.035100000000000006195 0.036000000000000004219 0.036100000000000007083 0.036200000000000003009 0.035850000000000006861 0.035500000000000003775 0.036200000000000003009 0.036799999999999999378 0.037400000000000002687 0.037999999999999999056 0.0384999999999999995 0.038583333333333330595 0.038666666666666668628 0.038749999999999999722 0.038749999999999999722 0.038749999999999999722 0.038999999999999999944 0.039083333333333331039 0.039166666666666669072 0.039250000000000000167 0.039250000000000000167 0.038999999999999999944
-9999 -9999 -9999 -9999 -9999 -9999 -9999 -9999 -9999 -9999 -9999 -9999 -9999 -9999 0.033599999999999997924 0.033283333333333331439 0.033200000000000000344 0.033600000000000004863 0.034000000000000002442 0.035000000000000003331 0.036000000000000004219 0.035500000000000003775 0.035000000000000003331 0.036000000000000004219 0.036600000000000007527 0.037200000000000003897 0.037800000000000000266 0.037999999999999999056 0.03786666666666666653 0.037733333333333340942 0.037600000000000001477 0.038300000000000000711 0.038999999999999999944 0.038199999999999997846 0.038133333333333338522 0.03806666666666666532 0.037999999999999999056 0.040000000000000000833 0.039266666666666664998
-9999 -9999 -9999 -9999 -9999 -9999 -9999 -9999 -9999 -9999 -9999 -9999 -9999 -9999 -9999 0.033800000000000003653 0.033250000000000001776 0.033024999999999998801 0.032800000000000002764 0.034900000000000000466 0.037000000000000005107 0.036300000000000005873 0.035600000000000006639 0.037200000000000003897 0.037800000000000007205 0.038400000000000003575 0.038999999999999999944 0.038199999999999997846 0.038466666666666669838 0.038733333333333334891 0.038999999999999999944 0.038624999999999999611 0.038249999999999999278 0.037999999999999999056 0.038166666666666668184 0.038333333333333330373 0.0384999999999999995 0.040000000000000000833 0.039583333333333331483
-9999 -9999 -9999 -9999 -9999 -9999 -9999 -9999 -9999 -9999 -9999 -9999 -9999 -9999 -9999 0.031555555555555558911 0.034000000000000002442 0.033375000000000001887 0.032750000000000001332 0.034125000000000002554 0.035500000000000003775 0.035750000000000003997 0.036000000000000004219 0.036000000000000004219 0.036583333333333342696 0.037166666666666674235 0.037750000000000005773 0.037750000000000005773 0.038300000000000007649 0.038850000000000002587 0.039400000000000004463 0.039400000000000004463 0.039400000000000004463 0.038800000000000001155 0.038933333333333333681 0.039066666666666666208 0.039199999999999998734 0.039199999999999998734 0.039466666666666663787
-9999 -9999 -9999 -9999 -9999 -9999 -9999 -9999 -9999 -9999 -9999 -9999 -9999 -9999 -9999 -9999 0.031255555555555557257 0.030800000000000000988 0.03019999999999999768 0.032000000000000000666 0.033800000000000003653 0.034700000000000008615 0.035600000000000006639 0.036000000000000004219 0.036266666666666669272 0.036533333333333341264 0.036800000000000006317 0.037400000000000002687 0.037600000000000008415 0.037800000000000007205 0.038000000000000005995 0.038750000000000006661 0.039500000000000000389 0.038249999999999999278 0.038583333333333330595 0.03891666666666666885 0.039250000000000000167 0.039500000000000000389 0.039500000000000007327
-9999 -9999 -9999 -9999 -9999 -9999 -9999 -9999 -9999 -9999 -9999 -9999 -9999 -9999 -9999 -9999 -9999 0.031288888888888886919 0.027600000000000003003 0.0298000000000000001 0.032000000000000000666 0.033250000000000001776 0.034500000000000002887 0.036600000000000007527 0.036600000000000007527 0.036600000000000007527 0.036600000000000007527 0.037600000000000001477 0.037866666666666673469 0.038133333333333338522 0.038400000000000003575 0.038900000000000004019 0.039400000000000004463 0.038800000000000001155 0.038600000000000002365 0.038400000000000003575 0.038199999999999997846 0.039199999999999998734 0.039199999999999998734
-9999 -9999 -9999 -9999 -9999 -9999 -9999 -9999 -9999 -9999 -9999 -9999 -9999 -9999 -9999 -9999 -9999 -9999 0.031488888888888892648 0.029174999999999999545 0.031199999999999998568 0.032799999999999995826 0.034400000000000000022 0.036750000000000004885 0.036833333333333342918 0.036916666666666674013 0.037000000000000005107 0.038000000000000005995 0.038250000000000006217 0.038500000000000006439 0.038749999999999999722 0.038125000000000006106 0.037500000000000005551 0.037999999999999999056 0.038250000000000006217 0.0384999999999999995 0.038749999999999999722 0.039250000000000000167 0.039500000000000000389
-9999 -9999 -9999 -9999 -9999 -9999 -9999 -9999 -9999 -9999 -9999 -9999 -9999 -9999 -9999 -9999 -9999 -9999 -9999 0.030933333333333333515 0.030749999999999999556 0.032475000000000003864 0.034200000000000001232 0.035000000000000003331 0.035466666666666667174 0.035933333333333337956 0.036400000000000001799 0.037800000000000007205 0.038000000000000005995 0.038200000000000004785 0.038400000000000003575 0.038600000000000002365 0.038800000000000001155 0.037800000000000000266 0.038000000000000005995 0.038200000000000004785 0.038400000000000003575 0.037999999999999999056 0.038533333333333336101
-9999 -9999 -9999 -9999 -9999 -9999 -9999 -9999 -9999 -9999 -9999 -9999 -9999 -9999 -9999 -9999 -9999 -9999 -9999 0.029111111111111118849 0.02999999999999999889 0.029624999999999998557 0.029249999999999998224 0.035000000000000003331 0.035733333333333339166 0.036466666666666675001 0.037200000000000003897 0.037000000000000005107 0.037166666666666674235 0.037333333333333343362 0.037500000000000005551 0.037875000000000005884 0.038249999999999999278 0.037999999999999999056 0.037833333333333336868 0.03766666666666666774 0.037500000000000005551 0.038749999999999999722 0.038750000000000006661
-9999 -9999 -9999 -9999 -9999 -9999 -9999 -9999 -9999 -9999 -9999 -9999 -9999 -9999 -9999 -9999 -9999 -9999 -9999 -9999 0.028977777777777779383 0.028999999999999998002 0.025800000000000000017 0.034250000000000002665 0.035000000000000003331 0.035750000000000003997 0.036500000000000004663 0.037999999999999999056 0.038133333333333338522 0.038266666666666671048 0.038400000000000003575 0.038000000000000005995 0.037600000000000008415 0.037600000000000008415 0.037200000000000003897 0.036800000000000006317 0.036400000000000001799 0.038400000000000003575 0.038533333333333336101
-9999 -9999 -9999 -9999 -9999 -9999 -9999 -9999 -9999 -9999 -9999 -9999 -9999 -9999 -9999 -9999 -9999 -9999 -9999 -9999 -9999 0.028800000000000006151 0.027999999999999997113 0.032600000000000003975 0.033666666666666671126 0.034733333333333338278 0.035800000000000005429 0.037000000000000005107 0.037333333333333343362 0.03766666666666666774 0.037999999999999999056 0.037125000000000005218 0.036250000000000004441 0.037000000000000005107 0.03708333333333334314 0.037166666666666674235 0.037250000000000005329 0.037750000000000005773 0.038166666666666668184
-9999 -9999 -9999 -9999 -9999 -9999 -9999 -9999 -9999 -9999 -9999 -9999 -9999 -9999 -9999 -9999 -9999 -9999 -9999 -9999 -9999 -9999 0.027833333333333334925 0.030599999999999998729 0.032000000000000000666 0.033400000000000006073 0.034800000000000004541 0.035250000000000003553 0.03603333333333334082 0.036816666666666671148 0.037600000000000008415 0.037700000000000004341 0.037800000000000000266 0.037999999999999999056 0.037733333333333340942 0.03746666666666666895 0.037200000000000003897 0.036800000000000006317 0.037333333333333343362
-9999 -9999 -9999 -9999 -9999 -9999 -9999 -9999 -9999 -9999 -9999 -9999 -9999 -9999 -9999 -9999 -9999 -9999 -9999 -9999 -9999 -9999 -9999 0.026000000000000002276 0.028750000000000004718 0.031500000000000000222 0.034250000000000002665 0.03540000000000000091 0.03601666666666666905 0.03663333333333333719 0.037250000000000005329 0.037625000000000005662 0.037999999999999999056 0.037999999999999999056 0.037750000000000005773 0.037500000000000005551 0.037250000000000005329 0.037000000000000005107 0.03708333333333334314
