examples/shallow_reservoirs_case/rasters/hexagon_experiment_01_random.asc
ncols        60
nrows        40
xllcorner    0.000000000000
yllcorner    0.000000000000
cellsize     0.100000000000
NODATA_value  -9999
[rows 17 to 33 of 40, columns 0 to 37 of 60]
0.0048565983515822825495 0.050024813744150242734 0.072563439194883977423 0.087127761440957685046 0.025115739931374388844 0.08796019605715106604 0.016919329828159378193 0.026082911723972777851 0.059540893567063574165 0.018248308260585172774 0.07181190535328908775 0.0092797823915796648353 0.019091445350396914898 0.043792886067368766434 0.077752699681242182228 0.067412085252516906753 0.043261066758280466993 0.013672966725667149573 0.016743930177373623353 0.05263400691176397389 0.079723088884110129837 0.007622600636474743778 0.065843324921959489604 0.018192515399316183666 0.015351677964524360759 0.065367263938326147787 0.014798220775816842143 0.048886364503037557649 0.08846892176838247468 0.047815455671496247259 0.071325640000626119863 0.030053912657081724435 0.040380605634902873302 0.084420143747428885717 0.022320070060791473432 0.0020660108428876070019 0.074935546558425228381 0.034878325529053254284
0.044981552387033940654 0.010727958659218082144 0.074164588621098412324 0.045321411475330163066 0.040730085284373780674 0.03437467368978182336 0.016528951001986876002 0.033787154182083327381 0.051137675401234150563 0.041729159949716390643 0.065766909520387051291 0.0067510945833232395563 0.065956224424690346186 0.073792267131191038865 0.066257182013073581683 0.060196310083859963513 0.010901752284825576983 0.0290872286873839897 0.052799713523290200956 0.088830820352440553744 0.027321845421924138841 0.042323420342939767347 0.086897159489183542491 0.088148563397662693664 0.0016476476803847163628 0.015710195819759933261 0.067696685871441397708 0.072391013102738849261 0.025705863476366715842 0.06961105945872402001 0.07999390577802913127 0.0041244390905996021826 0.021697240113311561105 0.089667639708409324628 0.053512851681331630171 0.088484459432805820378 0.020674216558399884092 0.039035841092711680289
0.075890939094061513059 0.078057233598409977993 0.0088854006079743010071 0.056883042174750098052 0.072985410460671376609 0.027784929941558015459 0.017624342855925734241 0.043138157747119224017 0.0092612455897838723284 0.072161227415242751304 0.027990085073876222466 0.048630177598737979461 0.057053013684144025797 0.029565946301207318703 0.03135109448598883547 0.056530016874704179519 0.011647781871443746438 0.05449020334357591866 0.029314160747428565784 0.067264427255362482794 0.017029534347968066504 0.07419409607858107325 0.043263254824599778336 0.028887061338418743017 0.073429437719900569892 0.073555118809978545236 0.015218869671465389687 0.028629633926865929311 0.075305119878052398374 0.040001581261235298614 0.035520820416313644841 0.09016630138007043771 0.064952158936386311661 0.034182682582102039137 0.087708996176961540048 0.036782988870745741972 0.086680504700538910101 0.090884476654227094872
0.015383550509463186223 0.067498706848091005739 0.039732824828366493375 0.07698616800884604261 0.05811915753009648522 0.031952714957228803283 0.046569600931323534843 0.076402511068427020335 0.018029326099719987508 0.0036501516126422150869 0.0431786228186310031 0.074777765847797536547 0.034542367691235593974 0.049605255809898309016 0.010865360720293162911 0.0097431047173651627591 0.032169692283445947001 0.023887873929361175263 0.015695450692324367653 0.017686936753915097342 0.06391671092092683637 0.019839609432102601333 0.025435929853854021693 0.019841494037351997681 0.010280985157855686285 0.060569799891897785349 0.01330955690093104174 0.070238790672439016527 0.020614119136470106242 0.057069911089178505803 0.074690906749505056594 0.074583245596945263456 0.014874780230150781019 0.08896110335728051044 0.057999870085219056015 0.009707122893044137224 0.035678129855385036506 0.039993694973866587838
0.025560363746904943283 0.024859144882066565307 0.082360880616364984252 0.01207846377934691795 0.048177368505467756121 0.060501556256927220556 0.088215777716359966565 0.035932457212018785453 0.036863503134433789343 0.022817671877098679584 0.073465016039169508955 0.0080656574015094805591 0.010556500218436504906 0.027436956342311406842 0.0066177745961397771782 0.049991841892041824491 0.074493500486943725614 0.05834376948089562559 0.0099455758046195601174 0.088894139099461394471 0.010896957004549529674 0.036823715841553895933 0.088788575550975773476 0.04603153685245323784 0.037030107401990357274 0.072398177412346192972 0.044646046026079772018 0.085301534788235044982 0.037795838346205708203 0.012346295441573056084 0.08174537440489595963 0.0050753642523962425384 0.056821196591241164564 0.081324427506154095546 0.03509347849101768918 0.020278576357546682779 0.061319159716646698399 0.017585596480724163815
0.0066290803193342793739 0.051428307924201936696 0.0117946213138200931 0.069321047555357284686 0.039054501848126692287 0.055491172281957198975 0.0073336706036659692412 0.011744083920820123923 0.013120346325302928436 0.0020496024529959777291 0.024490843308802509593 0.064845228861075895899 0.017191081595796953857 0.078341223446994401325 0.028106386492877079991 0.049715560544281035826 0.083767868716209128999 0.041933821403513642234 0.014747584872027950931 0.051816297354429920186 0.052472293264228642151 0.04586452315609856889 0.0047141991339665866023 0.027349157806413251087 0.033060137268765811547 0.023550103477353093867 0.026886082372923472 0.078076244345091347365 0.043606343461956471874 0.056908844827435751956 0.076721214417980965194 0.0020722528444230572074 0.034656613305403309588 0.041525296945002086735 0.067705208166130209646 0.048608283899695382824 0.024464502966192194777 0.031797522728773945644
0.066530036638797585002 0.08371013521890727227 0.0011943302353103393137 0.027006167029912368782 0.01892578933664091495 0.058097984361846717605 0.0039205594249825323483 0.040706565336875812078 0.054189815437688325372 0.053071616322287747114 0.001450115317499979517 0.0046678499971421934245 0.06258809866561655666 0.048915039898392242979 0.077240669415955379162 0.069579333572495183358 0.0023425000797856797632 0.023565991698803481769 0.050230182473898640771 0.08917942596348546469 0.057895704992830233915 0.016069791383087211195 0.043845371535387006601 0.016324700245496748946 0.018296103406453319978 0.066180737378415399608 0.064851003193526240986 0.040181749818002307495 0.03555707785355888273 0.085201433044035643216 0.029599365987319686822 0.057762211031949811657 0.020511450140456192331 0.010254483223371638895 0.0051063009015167642665 0.044742269851173868678 0.07521691578210622231 0.071115705863911110596
0.085689623943176806975 0.087886447174685078387 0.040689141732329091317 0.080425828779962738047 0.010112558309577242971 0.016272575307694023966 0.035008532782286008733 0.026839393921978198232 0.046851512289395880195 0.014963728711621073625 0.028254023870949895175 0.069679462136766540103 0.038805940295123839134 0.028624643645031547234 0.028073024842557334907 0.0076886308191127447631 0.020239937290720835805 0.074064045803429220949 0.082422773729899923012 0.056912454826800934482 0.082353791268413481519 0.068374073797442910805 0.069221165127829858976 0.067342631104060982072 0.038761038236232225884 0.081270622096897796038 0.024540816906886996074 0.0048772409043077412372 0.014731468097649629001 0.010845564755525134021 0.012935430429889281656 0.028287584133362537325 0.060178357191106070234 0.046825982203457447439 0.033392019886174240106 0.0059835784491706232521 0.024003306126397880305 0.015977410426398473003
0.085619190616577259267 0.081039052396414568147 0.085468004664983013297 0.013371193257640679591 0.055159722464176046131 0.073864561735554279398 0.016388168384897573715 0.045475756638821432376 0.024334737070678538057 0.084403863557381969551 0.065114405165871316883 0.068186703490495173541 0.013318578303378656585 0.031546194028407144316 0.080672851145637020087 0.048883182627788353269 0.020212758860511621101 0.078251625132925328732 0.049443411231973918851 0.033496883731274650076 0.041754595885706381753 0.0090879527391576689355 0.061890703192118236287 0.030029610251516906244 0.0094918588500789054241 0.066570552929878498705 0.047501998891646156353 0.065629120782726826921 0.058870714185249702066 0.05231463337248770662 0.038372111511593379185 0.052735196965015676551 0.088323776999082406758 0.057430079345959124393 0.033674521992081096755 0.01090814808356503976 0.005389146925494676596 0.042528811186532920752
0.044935810633089830202 0.037621509697643676362 0.042263890678894827646 0.057550457735352555932 0.010067146098554680816 0.070033061804214785662 0.042397473261869739192 0.026483353265628048478 0.039731828582422232254 0.041333644488052219412 0.066238459546582154069 0.028662383729260013099 0.048513132545151049779 0.044263462490941402061 0.052029919775046923336 0.032091125796162620065 0.088928464357625108816 0.0053565221922034179577 0.072226198774484953735 0.048634201623574083162 0.041984101244303441425 0.077526004057205291642 0.033962126389956395767 0.021663127716421842761 0.039884085742076087755 0.037521938245489730446 0.0041606544383431549178 0.0026895525973777301837 0.0030848998617945123761 0.080348440767396556161 0.030799887265511527445 0.075173104254111236533 0.049275261768584682764 0.0099545169745548500728 0.049824330781138868873 0.027045468840637985897 0.017638208264325890007 0.068915172107847755267
0.029818217775126824864 0.026805958169537430491 0.033720364655485376981 0.0026094622147666600778 0.079978957131253733404 0.070968320498642850636 0.072814785929699102351 0.031087554149473901888 0.024012736586290620022 0.031750854835734927673 0.062924252924215662297 0.0025993142603716891913 0.041638710766973285882 0.064721477115886202891 0.043283924643244313379 0.04403432906515108991 0.047796106337614940873 0.070508641440792677035 0.059534181296762585245 0.02474489218335174448 0.044582298240070671047 0.003959319316428918864 0.025512702966930707327 0.079003091554756335602 0.039985641106348279727 0.043288816886158633379 0.071570349512060163488 0.056133338876414293206 0.058174907459343408456 0.074173229207169663613 0.084813227186300521598 0.04297856980392383841 0.0072671601371965821592 0.085141479529730515474 0.080057819727520337927 0.057296006679413924445 0.088771719780154939583 0.05643792065975482275
0.023375627378277800961 0.046023177424935744761 0.081035145293020513502 0.063711874324268780168 0.0821504199020752085 0.026610103193050026887 0.042153730101673475561 0.0015202574958398397918 0.055247645912100483423 0.063103193393374959475 0.080821344357045507567 0.086218630591220410397 0.012345659256852620916 0.048104198295663702645 0.035440493121532259946 0.053806084632118798827 0.05696593783056865673 0.023749310158351712857 0.051399310285779216401 0.025388320314575153064 0.0084600518011161973675 0.052531966173853993085 0.061608056955601168958 0.049610893728587755758 0.050254392119642748993 0.009211606998371580507 0.030627573160578985823 0.045337565292368438297 0.058757422022875496759 0.0743748163854816291 0.054157511119694440316 0.023492208284997526113 0.086370324928002548126 0.015940694415511814236 0.032168615191964476663 0.027968072865270750954 0.030081751465429729803 0.026261581460504258845
0.069577837262212588465 0.047947031994899455554 0.039452627434793330341 0.080100678770868100065 0.08217679509156829154 0.011322904694550280091 0.033948633652326268284 0.0030559370194915514915 0.064023583484694820966 0.080009237311375783208 0.06073947410138882258 0.041454852644624132219 0.015271585682725654504 0.039668152457975121294 0.01730350315379843712 0.083952500398008791938 0.060104969591284744534 0.077494660057492406602 0.018998172805948784075 0.033918781470742294382 0.0201847665263422682 0.057095453770887018285 0.064774623287892379997 0.086053222613301852406 0.014412934655459973265 0.078800387395392260115 0.0069380721938366706619 0.061551597727849904906 0.039634988450359370793 0.052915926883971842187 0.0052702777237918999736 0.072850321928661213033 0.03728439274477030746 0.021107057855522273065 0.013309784736422317075 0.053063267062295804699 0.064444682447419229798 0.078926986738208360084
0.053565001478311911887 0.075866754034908459592 0.029832138302184809525 0.027444797558832535744 0.047366925790650563077 0.04240115733886468119 0.029714625994183792301 0.05237222769305029807 0.044249316691691749359 0.012591206446639798683 0.019149992503732601867 0.076459449127405404445 0.035244898952591113828 0.060252824242055261217 0.01626782358488877353 0.079221062593250332617 0.080710598947348083376 0.057019902196486366153 0.073705546124978760236 0.040683836640216262948 0.054546318817883056307 0.022819670964639462291 0.080588618142313564463 0.01883207406278575996 0.079361900031373083797 0.05357525111310667415 0.017800796166046420343 0.026193697152248177767 0.074523611796968911025 0.027333533699144617335 0.088519216921565127554 0.08776694978859181373 0.053699628466254256676 0.080571772912306494074 0.0093983598311993890584 0.03155300300079041248 0.017999052086259768185 0.083659260399355825366
0.038234222485754282284 0.081763938264747371143 0.072888071813933932863 0.047721036589257019578 0.039345045055286687052 0.083912598841243662973 0.084746765278768024232 0.052205240116987572385 0.065463982181921676062 0.023862223842641597238 0.0025282068192975359205 0.0025072403195155979969 0.047460193383615782714 0.0084551464771594597031 0.090752064598300097309 0.0065190888351626709307 0.033170124802846624734 0.090087194252469443567 0.041773378481135610418 0.037360085502035164651 0.0221266776023100048 0.059380007916384598687 0.020280170551307975108 0.012274884195307957102 0.036027843793952678275 0.043837543792029406986 0.030119359799977468012 0.073437905233071920641 0.038553336432612390905 0.051121983975301495129 0.030129408778428488219 0.079509308917797907879 0.082217151932064497233 0.045836638584992581147 0.042434313417287310155 0.088910630121435269002 0.01749988903525135156 0.0014531048273521886965
0.088392993482346984835 0.081555268989596363394 0.047748410416991203531 0.029033786578293255959 0.022512459254750701726 0.079348847664790056466 0.029531867248309189022 0.025351130382829958204 0.033897523081014978297 0.0059542925254766820506 0.052275029964725203135 0.03350497007428182572 0.063435943984273504559 0.058020067517256995737 0.077508895544281516954 0.077712990349561000825 0.062137906367072462399 0.071755267448021423093 0.024299652494954825099 0.06094353649665091438 0.024824584037654348623 0.055359399710463337574 0.0090223821760608627351 0.040969714264972284523 0.057095680163226435189 0.017879398546855523877 0.063265154021573233312 0.026675440847362570651 0.017351478148337887153 0.043993082988481334306 0.032910285068986522283 0.087201762419915174185 0.055442648792114759826 0.086956983905956825032 0.072347403398326001756 0.08718105540913900775 0.07091208062333427542 0.088766833303956321766
0.05025719241908440521 0.013181199792440683599 0.065092525556804198272 0.071490881371984157933 0.031183338314804215363 0.086103864017118281193 0.080416908672079678855 0.0083587174907296321602 0.041556872272091607834 0.022067490090127664382 0.071597741655990795873 0.033135494319704729416 0.036535865629699744439 0.032404510972765594723 0.010882684593570182696 0.064815460623725215661 0.060346442132697158955 0.032863193087641920376 0.0081718451390638269238 0.022202892801346740814 0.068809943763765313296 0.05539598882528615903 0.022867090824478318589 0.083907281405499009597 0.067838486448974513743 0.034257001929555844222 0.038388340719167489412 0.030534498061510352562 0.039387749585907898264 0.053969409060393408462 0.029151284701126264215 0.043885173647513757433 0.046502032844718287075 0.010426193523574475708 0.023440659934614971327 0.068097765325139114623 0.036043254714027070373 0.043244270735931872318
