examples/shallow_reservoirs_case/rasters/hexagon_sim_005_norm_linear.asc
ncols        120
nrows        80
xllcorner    0.000000000000
yllcorner    0.000000000000
cellsize     0.050000000000
NODATA_value  -9999
[rows 17 to 33 of 80, columns 80 to 119 of 120]
0.032600000000000003975 0.032850000000000004197 0.033100000000000004419 0.033350000000000004641 0.033600000000000004863 0.033650000000000006295 0.033700000000000007727 0.03375000000000000222 0.033800000000000003653 0.033866666666666669916 0.033933333333333343118 0.034000000000000002442 0.035250000000000003553 0.036500000000000004663 0.037749999999999998834 0.038999999999999999944 0.039399999999999997524 0.039800000000000002043 0.040199999999999999623 0.040599999999999997202 0.040999999999999994782 0.041499999999999995226 0.04199999999999999567 0.042499999999999996114 0.043000000000000003497 -9999 -9999 -9999 -9999 -9999 -9999 -9999 -9999 -9999 -9999 -9999 -9999 -9999 -9999 -9999
0.03375000000000000222 0.034000000000000002442 0.034250000000000002665 0.034500000000000002887 0.034750000000000003109 0.034625000000000002998 0.034500000000000002887 0.034375000000000002776 0.034250000000000002665 0.034500000000000002887 0.034750000000000003109 0.035000000000000003331 0.036000000000000004219 0.037000000000000005107 0.037999999999999999056 0.038999999999999999944 0.039399999999999997524 0.039800000000000002043 0.040199999999999999623 0.040599999999999997202 0.040999999999999994782 0.041499999999999995226 0.04199999999999999567 0.042499999999999996114 0.042999999999999996558 -9999 -9999 -9999 -9999 -9999 -9999 -9999 -9999 -9999 -9999 -9999 -9999 -9999 -9999 -9999
0.035000000000000003331 0.035000000000000003331 0.035000000000000003331 0.035000000000000003331 0.035000000000000003331 0.035100000000000006195 0.035200000000000002121 0.035299999999999998046 0.03540000000000000091 0.0355999999999999997 0.035800000000000005429 0.036000000000000004219 0.036875000000000004996 0.037750000000000005773 0.038624999999999999611 0.039500000000000000389 0.039800000000000002043 0.040099999999999996758 0.040399999999999998412 0.040700000000000000067 0.040999999999999994782 0.041499999999999995226 0.04199999999999999567 0.042499999999999996114 0.042999999999999996558 0.043500000000000003941 -9999 -9999 -9999 -9999 -9999 -9999 -9999 -9999 -9999 -9999 -9999 -9999 -9999 -9999
0.036000000000000004219 0.035750000000000003997 0.035500000000000003775 0.035250000000000003553 0.035000000000000003331 0.035437500000000003719 0.035875000000000004108 0.036312500000000004496 0.036750000000000004885 0.036833333333333342918 0.036916666666666674013 0.037000000000000005107 0.037900000000000003131 0.038800000000000001155 0.039699999999999999178 0.040599999999999997202 0.040879999999999999671 0.041160000000000002141 0.041439999999999997671 0.04172000000000000014 0.042000000000000002609 0.042249999999999995892 0.042499999999999996114 0.042750000000000003275 0.042999999999999996558 0.043500000000000003941 0.043999999999999997446 -9999 -9999 -9999 -9999 -9999 -9999 -9999 -9999 -9999 -9999 -9999 -9999 -9999
0.036000000000000004219 0.036062500000000004274 0.03612500000000000433 0.036187500000000004385 0.036250000000000004441 0.036687500000000004829 0.037125000000000005218 0.037562499999999998668 0.037999999999999999056 0.037999999999999999056 0.038000000000000005995 0.037999999999999999056 0.038812499999999999778 0.039624999999999993561 0.040437499999999994282 0.041249999999999995004 0.041399999999999992362 0.041550000000000003597 0.041700000000000000955 0.041850000000000005251 0.042000000000000002609 0.042249999999999995892 0.042499999999999996114 0.042750000000000003275 0.042999999999999996558 0.043500000000000003941 0.043999999999999997446 0.044499999999999997891 -9999 -9999 -9999 -9999 -9999 -9999 -9999 -9999 -9999 -9999 -9999 -9999
0.037200000000000003897 0.037350000000000001255 0.037500000000000005551 0.037650000000000002909 0.037800000000000000266 0.038050000000000000488 0.038300000000000000711 0.038550000000000000933 0.038800000000000001155 0.038933333333333333681 0.039066666666666666208 0.039199999999999998734 0.039899999999999997968 0.040599999999999997202 0.041300000000000003375 0.042000000000000002609 0.042000000000000009548 0.042000000000000002609 0.042000000000000002609 0.042000000000000002609 0.042000000000000002609 0.042249999999999995892 0.042499999999999996114 0.042750000000000003275 0.042999999999999996558 0.043500000000000003941 0.043999999999999997446 0.044499999999999997891 0.045000000000000005274 -9999 -9999 -9999 -9999 -9999 -9999 -9999 -9999 -9999 -9999 -9999
0.038249999999999999278 0.038562499999999999556 0.038874999999999999833 0.039187500000000000111 0.039500000000000000389 0.0396250000000000005 0.039750000000000000611 0.039875000000000000722 0.040000000000000000833 0.040083333333333331927 0.04016666666666666996 0.040250000000000001055 0.040987499999999996159 0.041724999999999998201 0.042462500000000000244 0.043199999999999995348 0.043160000000000003917 0.043119999999999991669 0.043079999999999993299 0.043039999999999994929 0.042999999999999996558 0.043250000000000003719 0.043499999999999997002 0.043749999999999997224 0.044000000000000004385 0.044249999999999997669 0.044499999999999997891 0.044750000000000005052 0.044999999999999998335 -9999 -9999 -9999 -9999 -9999 -9999 -9999 -9999 -9999 -9999 -9999
0.038999999999999999944 0.039399999999999997524 0.039800000000000002043 0.040199999999999999623 0.040599999999999997202 0.040649999999999998634 0.040700000000000000067 0.04074999999999999456 0.040799999999999995992 0.040933333333333335458 0.041066666666666661045 0.041199999999999993572 0.041899999999999999745 0.042599999999999998979 0.043299999999999998213 0.044000000000000004385 0.044049999999999998879 0.044100000000000000311 0.044150000000000001743 0.044200000000000010114 0.044250000000000004607 0.044187500000000004552 0.044125000000000004496 0.044062500000000004441 0.044000000000000004385 0.044249999999999997669 0.044499999999999997891 0.044750000000000005052 0.044999999999999998335 0.044666666666666673957 -9999 -9999 -9999 -9999 -9999 -9999 -9999 -9999 -9999 -9999
0.040199999999999999623 0.040649999999999998634 0.041099999999999997646 0.041550000000000003597 0.042000000000000002609 0.042050000000000004041 0.042099999999999998535 0.042149999999999999967 0.042200000000000001399 0.042133333333333335136 0.042066666666666668872 0.042000000000000002609 0.042700000000000001843 0.043400000000000001077 0.044100000000000000311 0.044799999999999999545 0.044889999999999999347 0.04497999999999999915 0.045069999999999998952 0.045160000000000005693 0.045249999999999998557 0.045187499999999991562 0.045124999999999998446 0.045062500000000005329 0.044999999999999998335 0.044999999999999998335 0.044999999999999998335 0.044999999999999998335 0.044999999999999998335 0.044666666666666667018 0.043300000000000005151 -9999 -9999 -9999 -9999 -9999 -9999 -9999 -9999 -9999
0.042750000000000003275 0.042812500000000003331 0.042874999999999996447 0.042937500000000003442 0.042999999999999996558 0.043124999999999996669 0.04324999999999999678 0.043374999999999996891 0.043499999999999997002 0.043416666666666665908 0.043333333333333334814 0.04324999999999999678 0.043812499999999990341 0.04437499999999999778 0.044937500000000005218 0.045499999999999998779 0.045600000000000001643 0.045700000000000004508 0.045800000000000000433 0.045899999999999996358 0.045999999999999999223 0.045874999999999999112 0.045749999999999999001 0.04562499999999999889 0.045499999999999998779 0.045499999999999998779 0.045499999999999998779 0.045499999999999998779 0.045499999999999998779 0.044833333333333336146 0.044333333333333335702 -9999 -9999 -9999 -9999 -9999 -9999 -9999 -9999 -9999
0.045600000000000001643 0.044950000000000003841 0.044299999999999999101 0.043650000000000001299 0.042999999999999996558 0.043300000000000005151 0.043599999999999999867 0.043899999999999994582 0.044200000000000003175 0.044333333333333342641 0.044466666666666675167 0.044600000000000007694 0.045137500000000010947 0.045675000000000007261 0.046212499999999996636 0.046749999999999999889 0.046749999999999999889 0.046749999999999999889 0.046749999999999999889 0.046749999999999999889 0.046749999999999999889 0.046562499999999992784 0.046374999999999999556 0.046187500000000006328 0.045999999999999999223 0.045999999999999999223 0.045999999999999999223 0.045999999999999999223 0.045999999999999999223 0.04533333333333333659 0.044666666666666673957 0.044000000000000004385 -9999 -9999 -9999 -9999 -9999 -9999 -9999 -9999
0.046749999999999999889 0.046124999999999999334 0.045499999999999998779 0.044874999999999998224 0.044250000000000004607 0.044437500000000004774 0.044624999999999998002 0.044812500000000005107 0.044999999999999998335 0.045249999999999998557 0.045499999999999998779 0.045749999999999999001 0.046162499999999995204 0.046574999999999998346 0.046987500000000001488 0.047399999999999997691 0.04732000000000000095 0.047239999999999997271 0.047159999999999993592 0.047079999999999996851 0.047000000000000000111 0.046850000000000002753 0.046699999999999998457 0.04654999999999999416 0.046399999999999996803 0.046424999999999994049 0.046449999999999998235 0.04647500000000000242 0.046499999999999999667 0.045666666666666674845 0.044833333333333336146 0.044000000000000004385 0.041600000000000011968 -9999 -9999 -9999 -9999 -9999 -9999 -9999
0.046599999999999995592 0.046499999999999992728 0.046399999999999996803 0.046300000000000000877 0.046199999999999998013 0.046149999999999996581 0.046100000000000002087 0.046050000000000000655 0.045999999999999999223 0.046333333333333337478 0.046666666666666661856 0.047000000000000000111 0.047250000000000000333 0.047500000000000000555 0.047750000000000000777 0.048000000000000000999 0.047840000000000007518 0.04768000000000000016 0.04751999999999999974 0.047359999999999999321 0.047199999999999998901 0.047149999999999997469 0.047100000000000002975 0.047050000000000001543 0.047000000000000000111 0.047000000000000000111 0.047000000000000000111 0.047000000000000000111 0.047000000000000000111 0.045999999999999999223 0.045000000000000005274 0.044000000000000004385 0.042375000000000002942 0.037533333333333376847 -9999 -9999 -9999 -9999 -9999 -9999
0.048500000000000001443 0.048375000000000001332 0.048250000000000001221 0.04812500000000000111 0.048000000000000000999 0.047812500000000007772 0.047625000000000000666 0.047437499999999993561 0.047250000000000000333 0.047666666666666676622 0.048083333333333339032 0.048500000000000001443 0.048575000000000007061 0.048649999999999998801 0.048724999999999990541 0.048799999999999996159 0.048640000000000002678 0.048479999999999995319 0.048320000000000001839 0.048160000000000001419 0.048000000000000000999 0.047750000000000000777 0.047500000000000000555 0.047250000000000000333 0.047000000000000000111 0.047000000000000000111 0.047000000000000000111 0.047000000000000000111 0.047000000000000000111 0.046000000000000006162 0.045000000000000005274 0.044000000000000004385 0.042375000000000002942 0.040750000000000008438 -9999 -9999 -9999 -9999 -9999 -9999
0.049750000000000002554 0.04937500000000000222 0.049000000000000001887 0.048625000000000001554 0.048250000000000001221 0.048312499999999994338 0.048375000000000001332 0.048437500000000008327 0.048500000000000001443 0.048916666666666670793 0.049333333333333333204 0.049750000000000002554 0.049875000000000002665 0.050000000000000002776 0.050125000000000002887 0.050250000000000002998 0.050000000000000002776 0.049750000000000002554 0.049500000000000002331 0.049250000000000009048 0.049000000000000001887 0.048562500000000008438 0.04812500000000000111 0.047687499999999993783 0.047250000000000000333 0.047250000000000000333 0.047250000000000000333 0.047250000000000000333 0.047250000000000000333 0.046416666666666668573 0.045583333333333336812 0.044750000000000005052 0.042750000000000003275 0.040750000000000008438 0.039125000000000006994 -9999 -9999 -9999 -9999 -9999
0.050000000000000002776 0.049950000000000008282 0.049899999999999999911 0.04984999999999999154 0.049799999999999997047 0.049949999999999994404 0.050099999999999998701 0.050250000000000002998 0.050400000000000000355 0.050400000000000000355 0.050400000000000000355 0.050400000000000000355 0.050549999999999997713 0.050699999999999995071 0.050849999999999999367 0.050999999999999996725 0.050800000000000004874 0.050599999999999999145 0.050400000000000000355 0.050200000000000008504 0.050000000000000002776 0.049500000000000002331 0.049000000000000001887 0.048500000000000001443 0.048000000000000000999 0.048050000000000002431 0.048100000000000003864 0.048149999999999998357 0.048199999999999999789 0.047133333333333332638 0.046066666666666672425 0.044999999999999998335 0.043125000000000003608 0.041250000000000001943 0.039375000000000007216 0.037500000000000005551 -9999 -9999 -9999 -9999
0.051000000000000003664 0.051375000000000003997 0.05175000000000000433 0.052125000000000004663 0.052500000000000004996 0.052250000000000004774 0.052000000000000004552 0.05175000000000000433 0.051499999999999997169 0.051833333333333335424 0.052166666666666666741 0.052500000000000004996 0.052175000000000006095 0.051850000000000007194 0.051525000000000001354 0.051200000000000002454 0.050960000000000005294 0.050720000000000001195 0.050479999999999997096 0.050240000000000006875 0.050000000000000002776 0.049750000000000002554 0.049500000000000002331 0.049250000000000002109 0.049000000000000001887 0.049062500000000008882 0.049125000000000001998 0.049187499999999995115 0.049250000000000002109 0.048166666666666663188 0.047083333333333338144 0.045999999999999999223 0.044250000000000004607 0.042499999999999996114 0.04074999999999999456 0.038999999999999999944 0.030100000000000022571 -9999 -9999 -9999
