examples/shallow_reservoirs_case/rasters/hexagon_exp_02_norm_linear.asc
ncols        30
nrows        20
xllcorner    0.000000000000
yllcorner    0.000000000000
cellsize     0.200000000000
NODATA_value  -9999
 -9999.0 -9999 -9999 -9999 -9999 -9999 0.032428571428571431601 0.034388888888888906326 0.036309024972222221639 0.037305555555555564018 0.03791666666666668184 0.038407407407407390121 0.038000000000000005995 0.038074074074074051866 0.038555555555555558189 0.03844444444444444775 0.038907407407407397504 0.0393333333333333382 0.039240740740740742698 0.038777777777777779067 0.039833333333333317827 0.039250000000000014044 0.039441860465116274082 -9999 -9999 -9999 -9999 -9999 -9999 -9999
 -9999 -9999 -9999 -9999 -9999 0.032666666666666670238 0.034529411764705898735 0.03566666666666668678 0.037305555555555570957 0.037972222222222219712 0.037722222222222240307 0.037555555555555557301 0.037666666666666681618 0.038611111111111109939 0.038888888888888889506 0.038083333333333330151 0.039166666666666669072 0.038611111111111116878 0.037537037037037021547 0.037500000000000005551 0.038416666666666675345 0.038027777777777778401 0.039500000000000000389 0.040529411764705883248 -9999 -9999 -9999 -9999 -9999 -9999
 -9999 -9999 -9999 -9999 -9999 0.034321428571428592991 0.036108108108108126488 0.036500000000000018541 0.03702777777777779139 0.037611111111111129868 0.037416666666666674457 0.03801851851851853481 0.037555555555555557301 0.038444444444444440812 0.03761111111111111599 0.037500000000000005551 0.036851851851851857855 0.036888888888888894668 0.037277777777777777735 0.037277777777777777735 0.037138888888888901829 0.037611111111111122929 0.040018867924528307711 0.042764705882352933852 0.043999999999999997446 -9999 -9999 -9999 -9999 -9999
 -9999 -9999 -9999 -9999 0.033800000000000003653 0.034999999999999989453 0.035864864864864877403 0.035888888888888907658 0.037166666666666681174 0.037638888888888909212 0.037999999999999999056 0.038277777777777771684 0.036333333333333356352 0.037574074074074072238 0.037555555555555571179 0.037111111111111122485 0.036148148148148151471 0.036444444444444466791 0.036425925925925937976 0.035333333333333355464 0.033861111111111126537 0.036361111111111121819 0.03772222222222221949 0.042194444444444444142 0.044722222222222232646 0.045428571428571443147 -9999 -9999 -9999 -9999
 -9999 -9999 -9999 0.033000000000000001554 0.034322580645161304691 0.036290909090909088952 0.037052631578947385627 0.036500000000000018541 0.038111111111111123373 0.037638888888888909212 0.03777777777777777124 0.037481481481481476736 0.035222222222222238086 0.035499999999999982958 0.03488888888888890677 0.035527777777777790058 0.035574074074074077401 0.036000000000000018097 0.036370370370370372348 0.03566666666666668678 0.035361111111111127869 0.036722222222222239418 0.038666666666666668628 0.042970588235294114587 0.045882352941176478278 0.046705882352941166524 0.045999999999999992284 -9999 -9999 -9999
 -9999 -9999 0.034571428571428572396 0.034277777777777795887 0.035527777777777783119 0.037410714285714290195 0.037694444444444454023 0.037500000000000005551 0.038250000000000006217 0.037583333333333336645 0.037638888888888895334 0.036333333333333342474 0.03761111111111111599 0.037092592592592586731 0.035555555555555576341 0.035583333333333348747 0.035703703703703695838 0.037111111111111122485 0.037018518518518526983 0.037555555555555571179 0.037791666666666681729 0.038333333333333344251 0.040999999999999973965 0.045194444444444453746 0.047588235294117653407 0.04873529411764705721 0.047757575757575769504 0.045999999999999992284 -9999 -9999
 -9999 -9999 0.036222222222222238974 0.036111111111111128535 0.037526315789473685403 0.039236363636363631724 0.039210526315789480389 0.038944444444444448195 0.038722222222222220378 0.038305555555555564906 0.038944444444444455133 0.038537037037037008558 0.039166666666666669072 0.039351851851851853137 0.038333333333333337312 0.039361111111111117544 0.038833333333333323878 0.039888888888888890394 0.040222222222222200894 0.040611111111111118654 0.041555555555555560854 0.042527777777777789336 0.045685185185185189782 0.049764705882352947008 0.051000000000000017542 0.051529411764705893018 0.05091176470588236469 0.048500000000000008382 -9999 -9999
 -9999 0.03869999999999999829 0.039259259259259243757 0.041444444444444450415 0.04366666666666666613 0.045727272727272727515 0.044135135135135131201 0.041388888888888891726 0.042611111111111106553 0.042638888888888885897 0.043333333333333334814 0.043981481481481482509 0.044944444444444453524 0.045888888888888895723 0.045722222222222233534 0.046611111111111117045 0.047537037037037051246 0.048722222222222243138 0.04935185185185185508 0.049666666666666685337 0.05038888888888889972 0.050222222222222230592 0.052264150943396203708 0.054527777777777772239 0.054941176470588243275 0.054147058823529409244 0.053030303030303045653 0.050270833333333340975 0.045874999999999992173 -9999
 0.043500000000000003941 0.042575757575757579299 0.051481481481481489171 0.055166666666666683283 0.063324324324324304802 0.063290909090909092116 0.062081081081081075645 0.056500000000000022427 0.058083333333333347914 0.060250000000000011879 0.058472222222222224042 0.057314814814814825372 0.059055555555555562519 0.056370370370370362356 0.053944444444444468456 0.057555555555555554248 0.057611111111111105998 0.059722222222222232091 0.054222222222222254961 0.062833333333333338255 0.054916666666666662244 0.055861111111111111382 0.055833333333333325099 0.058088235294117669671 0.053555555555555557634 0.05408823529411765918 0.051647058823529434779 0.050562499999999989397 0.041000000000000015599 0.014999999999999999445
 0.042000000000000002609 0.042714285714285711582 0.036107142857142858483 0.049157894736842122629 0.058736842105263163683 0.068199999999999996736 0.074131578947368437227 0.065444444444444430098 0.070138888888888889506 0.066388888888888886175 0.069249999999999992117 0.069425925925925932591 0.067111111111111093619 0.065166666666666692165 0.065388888888888885287 0.06400000000000001521 0.066018518518518531923 0.057555555555555568126 0.062037037037037050247 0.05872222222222224508 0.061583333333333337145 0.053166666666666674568 0.058518518518518518323 0.050722222222222231036 0.048176470588235306702 0.054333333333333337645 0.052714285714285706586 0.050959183673469396481 0.042551724137931033753 0.012708333333333333634
 0.043357142857142871861 0.045428571428571408453 0.033207547169811321708 0.038388888888888896 0.059222222222222224708 0.071672727272727276837 0.072837837837837843269 0.07188888888888889106 0.074777777777777776347 0.067222222222222238752 0.068694444444444446862 0.065203703703703708161 0.061166666666666674734 0.064814814814814811217 0.061055555555555564295 0.062361111111111117156 0.063629629629629619325 0.05983333333333334253 0.057444444444444443809 0.063500000000000000888 0.058583333333333320603 0.055416666666666676566 0.057056603773584915751 0.057305555555555574843 0.053588235294117665675 0.055500000000000007661 0.054848484848484847787 0.052106122448979580453 0.042777777777777775681 0.0077083333333333352647
 0.048000000000000000999 0.04021212121212122681 0.043574074074074077567 0.049777777777777781898 0.050513513513513505493 0.052400000000000002132 0.053486486486486489733 0.063944444444444470399 0.057138888888888898776 0.055249999999999993561 0.056499999999999994671 0.055481481481481499662 0.056944444444444464182 0.056499999999999994671 0.056833333333333339865 0.059138888888888879736 0.054370370370370367519 0.055333333333333345472 0.055851851851851833097 0.057333333333333347248 0.055222222222222235033 0.054499999999999992895 0.056518518518518530425 0.056764705882352953226 0.055777777777777787227 0.055176470588235305981 0.053382352941176471062 0.052187500000000025535 0.044285714285714296301 0.013999999999999998557
 -9999 0.03869999999999999829 0.037388888888888888173 0.038500000000000006439 0.038305555555555557967 0.039981818181818180868 0.040459459459459466701 0.043833333333333342197 0.043722222222222231758 0.044250000000000004607 0.044222222222222225263 0.045222222222222212273 0.044722222222222232646 0.047111111111111131367 0.0469444444444444553 0.047416666666666669461 0.047740740740740729431 0.049055555555555567515 0.05029629629629629034 0.049388888888888898832 0.050500000000000017097 0.051583333333333335202 0.051358490566037744152 0.051027777777777783008 0.051176470588235316306 0.051294117647058830312 0.051242424242424249037 0.049187499999999988176 0.047499999999999993616 -9999
 -9999 -9999 0.035527777777777790058 0.03572222222222223853 0.036894736842105278762 0.03732727272727272283 0.037999999999999999056 0.037722222222222233368 0.038500000000000006439 0.038527777777777778845 0.038555555555555558189 0.039055555555555558633 0.038777777777777786006 0.039462962962962949698 0.039611111111111117766 0.04063888888888889106 0.041148148148148142034 0.041944444444444450859 0.042444444444444444364 0.043222222222222231314 0.043944444444444445697 0.045194444444444453746 0.045759259259259263408 0.047117647058823534933 0.047888888888888897499 0.048205882352941181734 0.048411764705882348592 0.04700000000000000705 -9999 -9999
 -9999 -9999 0.033857142857142856485 0.034315789473684230049 0.035611111111111121152 0.036678571428571435376 0.037944444444444454245 0.038666666666666668628 0.038333333333333351189 0.038944444444444448195 0.038277777777777785562 0.038537037037037043252 0.038388888888888889062 0.038314814814814815436 0.03766666666666666774 0.038472222222222227095 0.038111111111111116434 0.038055555555555557745 0.037944444444444440367 0.039444444444444448639 0.039527777777777779733 0.040916666666666663688 0.042462962962962973179 0.044250000000000011546 0.045352941176470595863 0.046058823529411777042 0.044735294117647053658 0.045999999999999992284 -9999 -9999
 -9999 -9999 -9999 0.030728571428571431479 0.03280645161290324241 0.035800000000000005429 0.037842105263157913009 0.038500000000000006439 0.038694444444444454911 0.039194444444444462294 0.03866666666666665475 0.038296296296296300499 0.037277777777777791612 0.03772222222222221949 0.037333333333333350301 0.036750000000000018763 0.036907407407407395727 0.036722222222222225541 0.037629629629629623988 0.038000000000000005995 0.038305555555555551028 0.039583333333333338422 0.040113207547169800471 0.0430588235294117605 0.044352941176470594975 0.044647058823529407745 0.043818181818181811682 -9999 -9999 -9999
 -9999 -9999 -9999 -9999 0.027600000000000003003 0.03349056603773584162 0.037189189189189203466 0.038277777777777778623 0.038361111111111116656 0.0384999999999999995 0.039222222222222220822 0.037814814814814808053 0.037555555555555557301 0.038037037037037035869 0.037777777777777792056 0.036527777777777790946 0.037592592592592587175 0.037555555555555571179 0.037796296296296300055 0.038500000000000006439 0.03808333333333333709 0.03891666666666666885 0.040185185185185177958 0.043416666666666679786 0.043888888888888893947 0.044047619047619057664 -9999 -9999 -9999 -9999
 -9999 -9999 -9999 -9999 -9999 0.029500000000000015793 0.035918918918918935068 0.037833333333333336868 0.037555555555555557301 0.037250000000000012268 0.038361111111111116656 0.037796296296296293116 0.037833333333333336868 0.038333333333333330373 0.038277777777777785562 0.038055555555555543867 0.038481481481481484563 0.037833333333333336868 0.038666666666666668628 0.038555555555555558189 0.039138888888888896667 0.039722222222222221266 0.041584905660377355363 0.043205882352941170355 0.043222222222222210497 -9999 -9999 -9999 -9999 -9999
 -9999 -9999 -9999 -9999 -9999 0.026666666666666671848 0.032882352941176487549 0.036277777777777797663 0.037083333333333350079 0.037472222222222212329 0.038500000000000006439 0.038166666666666668184 0.038111111111111116434 0.039481481481481485452 0.039444444444444448639 0.040055555555555559522 0.039759259259259271957 0.039166666666666669072 0.040061111111111109839 0.040388888888888890838 0.040213888888888903173 0.040777777777777780843 0.041944444444444457798 0.042588235294117648966 -9999 -9999 -9999 -9999 -9999 -9999
 -9999 -9999 -9999 -9999 -9999 -9999 0.025571428571428571341 0.034947368421052650567 0.036236842105263157576 0.038157894736842119798 0.03847368421052631271 0.038175438596491230447 0.038210526315789479501 0.038982456140350868479 0.039789473684210534266 0.040184210526315780609 0.040280701754385958568 0.040578947368421061648 0.03994736842105264113 0.040105263157894741055 0.040631578947368414412 0.040105263157894734116 0.040688888888888892492 -9999 -9999 -9999 -9999 -9999 -9999 -9999
