examples/shallow_reservoirs_case/rasters/hexagon_experiment_01_random.asc
ncols        60
nrows        40
xllcorner    0.000000000000
yllcorner    0.000000000000
cellsize     0.100000000000
NODATA_value  -9999
[rows 0 to 16 of 40, columns 0 to 37 of 60]
0.037145643040877140972 0.045870777824214906127 0.036106291002314813698 0.076377417391390117762 0.088040811039661576176 0.084584903865783406252 0.049688886126172920887 0.053250017679944951221 0.0032842754092221029469 0.090274573339018907014 0.089486726642955372046 0.0797573874994881582 0.031600059895142459943 0.018734479423751549537 0.036805977488975002987 0.083532246003137702872 0.060580039038093606851 0.0097302760366517852819 0.04459429659909851934 0.045184527008477394505 0.0099623484605862351604 0.049755638612978117519 0.019593065070240920506 0.040901370675083835449 0.011656816258264004332 0.090436811643241660219 0.060188974343050441473 0.026668317337483302132 0.050627475546794899197 0.051271667331626573361 0.06407714037110227856 0.002177022287178439694 0.075449153622794459806 0.018570585972125349533 0.0051593948387489343282 0.070476500906622788212 0.075993099976475506074 0.059518122142989612899
0.064768333072420330998 0.038462044569840092567 0.032373778516773213387 0.058528510003160311159 0.013881156209361467796 0.078579901737599308631 0.070901426371480710809 0.054132339150823334528 0.072134378961803496955 0.069827202350030176392 0.088279306220552758444 0.046995820141802500947 0.052256630752276225782 0.065358176453747057755 0.037024757429919556706 0.071085411271559081903 0.0504007182100207618 0.060245988247206394561 0.036146890522136286561 0.0092625749910344029603 0.019606348018493813257 0.038912695363012360372 0.064072365089263574878 0.014759138450767241013 0.014447775924330261144 0.034138731841564746994 0.05005988424880829929 0.05197905838893095154 0.027480727616577733247 0.059850100463254722605 0.03289431050350859892 0.073417595859023868088 0.088812566854573227193 0.012706147862287124617 0.0085909822455685451448 0.086053370388484831666 0.077732641936105933977 0.032486006271104379828
0.0086190284851718843712 0.034207296763841071874 0.079153689655129713665 0.087739795128301059646 0.080281224590029190424 0.07262284259544013465 0.033020800178539706782 0.045484036142023898108 0.090545974997963143971 0.032610822619656025523 0.017119216049793131024 0.031569569697387035723 0.050165377625058661659 0.081342347253122532225 0.063721287651254177042 0.073418350644573276975 0.087246751336750735795 0.085834434748198448761 0.032551323735441548002 0.063649251157984046423 0.022390801476034793288 0.022811749473084595025 0.03418828021515707416 0.065166102704325587491 0.010871519720996838249 0.079513264227463395506 0.077847973133518752475 0.088313131937048885978 0.065050915822225385821 0.048704796828178596735 0.070897862884267623396 0.066452721350086507712 0.040625311498258265264 0.0085257110354226370991 0.075236016903114530385 0.085068914193524441947 0.0072724303779062946657 0.088820229883929679993
0.035142272540635351163 0.034244986628943215046 0.037897518917009563599 0.081225820584494359822 0.015849840229266890651 0.090493848437549179176 0.034153277672096374329 0.085254441838479633198 0.074239836813015727679 0.054157058920153315629 0.085037748344981345383 0.073108206797589891934 0.079110917898093810474 0.044512744255793268433 0.015598211973388682872 0.050467151318407302285 0.020728739733082424124 0.068261717254010964573 0.035879147275620623669 0.07929567278279985032 0.014177663954168549798 0.072502317765275034467 0.068230205652293346441 0.018246823857589182516 0.056660887583321141447 0.071474941146800266556 0.087539302619721523491 0.05869454480165035154 0.0025772626807334941823 0.018094784045378616705 0.045164230309967502708 0.0054858917558716011054 0.056351633769027673071 0.073950854066467383574 0.00575180558168903594 0.029488595366697362837 0.016658173670664851856 0.0025854230246578346897
0.021541522398872876148 0.076572293099717886333 0.059578732132939765664 0.080046217435998878731 0.039283589218039399737 0.045279562311313553691 0.022470647309869133668 0.081665505038683583461 0.020966308730280488332 0.073917402826780581604 0.071054613927725940314 0.081198134734176169447 0.085094256030660272994 0.060701375684920629017 0.0055837891681121062937 0.0024040449048180192668 0.034642432595270854223 0.089505523624582569719 0.064907099957942165913 0.038016914978505643441 0.033015356413482903342 0.07520046843796412972 0.035303934519951250814 0.041385726059363470153 0.027842864672428465495 0.067723402215003503102 0.052190521795284876283 0.0018781983200092014063 0.046813768069232992997 0.068100307148304881077 0.030120607622089637379 0.01943526834109285395 0.088344806749144966229 0.001386397315450880411 0.041765352682402133444 0.042288495602957484887 0.011868226208688006929 0.054603891597356221665
0.080854193557063219755 0.037964066463682256958 0.062748702314596602192 0.031881869425176699584 0.016805300876447552133 0.058148051764377643724 0.085481885920988223693 0.037331743333027134213 0.03190060616703414148 0.083752719477429793393 0.065965043210042845212 0.012076249455662345367 0.066463916274034987031 0.013149577512663806339 0.068041306116731328779 0.069599564467133945289 0.079567372470697395048 0.01450366217093382662 0.073855690517036942655 0.036764812863368287466 0.022304186786435635514 0.026084969889247015817 0.03298950934616247388 0.078609949732239045583 0.032176240791506417749 0.014928504326009200964 0.0083148627412804199804 0.053074657481981118989 0.017760014821246235261 0.075815529727282171546 0.065692095782906592683 0.026895940330983875849 0.077246453162536740655 0.036903683311063709138 0.01889068245112196856 0.030507659759187212567 0.07243816252121035304 0.048204933379410723482
0.02493907624774738957 0.071981948215692578841 0.01249913414613346499 0.014562323095064659551 0.036331790172965894303 0.030589592908318918862 0.035670209235477284837 0.0034085914679146136173 0.034199129214470401494 0.084639838405857259485 0.027830287251811886007 0.035843918700903087959 0.0094890335266394135183 0.068811230428637765177 0.054397465670824547701 0.0060832623121877668279 0.010071850018576068014 0.082959738672738175813 0.059549139049416444092 0.013513941014718717365 0.065168917714463328594 0.075330335084881697161 0.015552792071694302584 0.057958398068218737464 0.076671127571805205991 0.080990400112887994677 0.062114037205622363302 0.017951595150911971166 0.072135053887105976544 0.038813983670728836872 0.02858071166239255223 0.090338237838043317085 0.083737259865068885967 0.039212182918748610116 0.04520645905224269373 0.031803193928211744013 0.064156191726595743208 0.080970867560441639466
0.053232472358528459822 0.075618275183259586747 0.010805671447564144799 0.090683632324223800714 0.026579415084905314015 0.041842051840158982212 0.015661907333582601731 0.030246748674875305329 0.046206059642107541463 0.028368402527001027047 0.011401807314552963452 0.0044233746708380672699 0.010962244718642745467 0.05416953967321517377 0.03956937562075523579 0.049352855097020614794 0.079604669409941888891 0.026892686604199963346 0.0052445288297425715629 0.00218967638558452719 0.055587912672149762672 0.0098966616544395834276 0.056763279626811061207 0.030642026996964728813 0.019048780628727540049 0.0088938610481503095617 0.048647131044244888709 0.059501453400799382554 0.016378790460257343364 0.067656392003129048329 0.017065351866386385682 0.00436443626468643181 0.025280318846246326026 0.049660638217490768453 0.087658916516499443827 0.047067949702391205513 0.071445172254264777134 0.0039797277478246535082
0.068332725202459476677 0.020634834801866733939 0.086295338491450906959 0.02844053760268226011 0.0094151050469838022672 0.046491273442007083339 0.054114433413589638211 0.051245827662436273242 0.045247742963730450128 0.066439271171339867039 0.087410730901914077129 0.088253317515774656887 0.021704209432075315112 0.01262144953385327395 0.060739266326252018546 0.039021482145324894175 0.02911278718162746762 0.019987155183024827437 0.087544124150364194259 0.008668322733060770946 0.059738484552138745864 0.029195027718150183549 0.052841930175560020144 0.01077247306971758703 0.059420141849416997781 0.014939942850737315122 0.085028595868892720144 0.05452482539473993417 0.038563871430504152726 0.047629056174130449119 0.068706862301899498946 0.078077632795215567985 0.035632729033834360799 0.066361825676312172217 0.081744681990848666597 0.0085466705068219205044 0.012288059809131255534 0.08509931817827903755
0.0011878646469948286532 0.081695645053306800709 0.0885767541115443785 0.080541449018311575547 0.056930031005152058332 0.069042154697829150045 0.078623658187689959842 0.032171092973045288532 0.084332726784124276143 0.0037166989253552885387 0.050152889462926383835 0.032399619035258675481 0.071617481211064537572 0.084704181784634749453 0.0078473774648728893133 0.041449528156246348565 0.0010547701170772129549 0.01768172070320159564 0.033878621536521894009 0.042307377388578384925 0.0369916702169861486 0.077064948309888955946 0.041926213015262309147 0.012066200886862908648 0.055949699695343482753 0.041031067638590081048 0.08296151663385202546 0.0011089222773443432705 0.004332439966673159483 0.0030890781850248507853 0.0050412829126832451807 0.083970747870865641849 0.011205695817650896534 0.042868797765705062008 0.0026615143442663582833 0.0081617278400552464163 0.046453739770227854555 0.052194500034802915334
0.082835141033166581614 0.010005676085440742829 0.019309062299375349264 0.071372822651442582864 0.018296126766839046485 0.045258547076302550749 0.01838350622596092096 0.013432882720162294538 0.0022173909731599463629 0.090750517968237714994 0.080076305550681070589 0.086948299841658707732 0.040357367739437023657 0.020469088024872489351 0.082210394674887790623 0.070129079384334200298 0.070290704148602278778 0.059252645734168253588 0.070119858044213528858 0.044475467892079748045 0.041859960774868622269 0.084516286534154494436 0.039804312415472789533 0.082799928566302985478 0.030640818546213043766 0.013168881861215259166 0.032976122277522737503 0.082991050667740956515 0.03815092099661850783 0.064123105984893138953 0.069825188990830885927 0.0011974611740261890003 0.078616727448803977452 0.038204176270583763142 0.068921555478533194639 0.015554363184079371407 0.05342177356316193948 0.045093736011614669879
0.061372735183441821938 0.0034634667316080403228 0.045411802657709866848 0.03796933106370296851 0.040326384800334402758 0.028454640289311911028 0.041530308776938203164 0.084818052041890051873 0.050252690431399578419 0.027314584976923936971 0.026011115363489073493 0.030060440448954100362 0.020746001583721678657 0.0037040751032108290217 0.022868023856017948708 0.021655153322513710085 0.073477648542706566759 0.019975540198865548991 0.053555867994691537526 0.067456115296537555448 0.043480268505014588176 0.039073192489268396277 0.076712851379401675311 0.081696905446410242324 0.022068461071636180648 0.0056494847641630815266 0.07557128048724834346 0.0069246127303241892734 0.074215759311464277181 0.016174143064574972306 0.032229744113213484868 0.010546857431300037111 0.063229778077224810251 0.0060866052324366638066 0.029443822225110070911 0.01319101579182167111 0.051214510052824013808 0.066784681727567490883
0.04031349283017877233 0.0092517160255698414895 0.085966035418042596739 0.07945372698755623353 0.05983147872492237257 0.019545212311425658874 0.077309105615415582569 0.063195015543652227619 0.017740176496027739578 0.082272970383837767949 0.041658186530214663668 0.0765676021145228064 0.080333059606384732421 0.039741752463402640894 0.042829845238619955461 0.030596588684937031655 0.060193227064745898069 0.064936343413844702099 0.034876592619266698347 0.042334725418542586139 0.0071720136015248226596 0.0052653895565172668253 0.043389352508087432325 0.048459957118503940721 0.086616744452017363498 0.045677305110219973416 0.060699289041110146559 0.078826272772981667569 0.075270871012897311303 0.039152847655842919206 0.040989572302923077407 0.045591979363162504768 0.018366903230933925156 0.043394825165445558013 0.0059651809868664761732 0.022482111174604187814 0.066010374282788414346 0.014133879996476764185
0.041384481456912050601 0.046200355058305164757 0.027583582708628019697 0.04318515308669406555 0.083259659645775321857 0.0073742751133710352299 0.031855481350033590382 0.066845110665332566069 0.069533470337606248513 0.018499966634003123939 0.0092064956616141058188 0.084471486009724941479 0.089532284308135715034 0.07202335485819223726 0.066802056997435715902 0.051414574556475051148 0.065792864528053357498 0.028909917903003869849 0.011336302075743504708 0.012303010489816773587 0.016095819849412409258 0.014170537776882801556 0.017350421159598325427 0.043736444511767350041 0.068198068772638925639 0.031936376431584374835 0.040346243201715564775 0.068075086089429207026 0.017613988019383179651 0.064128801983196995207 0.062966030343064735564 0.084406816224816355598 0.029976112671705995583 0.075586910227583126165 0.024159496278969568722 0.08834162153508927362 0.040563497221277812488 0.059765115432933169082
0.074829562091251647371 0.0065271619598845807483 0.019687760832122775528 0.0074069664958851940892 0.046499552369723050338 0.025716738028812084066 0.051851689338219715542 0.022043558326860134 0.064148563071021763582 0.052402752732285756698 0.038303285792275119925 0.018055477863075378858 0.075437063814907737158 0.022738527770576926618 0.0021443708283073316216 0.022472503176414533599 0.01268937059199555864 0.0461302416220466735 0.016834513265624097972 0.046232393128997469056 0.047772078313219938639 0.065213249902105030475 0.081715367014820933234 0.025402166879110680414 0.0064545092266641247367 0.030685489104917595266 0.067494875637289036829 0.065733076387896230419 0.049050510050055146083 0.063884888263787437124 0.024492462638226162458 0.024142839567734754314 0.056401474390053135677 0.056208794586798373205 0.057792570882890213768 0.025913430142910962029 0.06068661036151094812 0.014102517221035983097
0.063615849147268477282 0.005436055500423630886 0.05952104142455664354 0.036427908176621420777 0.083917052391240518072 0.08348723122358607529 0.059094087745054479921 0.013249021707373128537 0.05296918984863810409 0.059343513009335012443 0.0060621283757416556323 0.013965899657038798737 0.029090072042364193555 0.034871889525417310018 0.011514379065726540463 0.059904683698212793375 0.051119513653768801353 0.061635336385669786674 0.055455093410332098602 0.04900026503346189416 0.080583166149575780057 0.023837148642467925058 0.035966083522314500065 0.084340678996453394278 0.0067091433180487191831 0.041466245121975602028 0.018178937715043801127 0.049750750427222670269 0.0054629417248877555277 0.025296216659395378418 0.067948236428428038236 0.053405886500762375646 0.0060152303690210297618 0.073388515877477716876 0.017345983938618407538 0.029278291870599840174 0.024575399121849240275 0.0050746314543513183076
0.03302035821812973615 0.035623807603394425092 0.036263286429363120189 0.072665910134407887822 0.079096419367644596465 0.007696333117505361858 0.075684755619716118091 0.010926674779428373341 0.020889929837061168433 0.045303760239650034403 0.054642589937793473176 0.072337744470053630397 0.054390034470181029824 0.067499248143034470959 0.053027810814296451325 0.076490469527511109615 0.073599143694032878593 0.065683678314794949338 0.024002694916331699521 0.036707761788802389935 0.075243700810510835697 0.071351288994984302105 0.033089973913448887666 0.023428934735703586811 0.060915864416817573634 0.040549151134494657023 0.06190008688720961133 0.025850989319607272504 0.045302916159225957438 0.010878045105003206899 0.086209624622415395589 0.0088532035197833036655 0.023846712811136854676 0.074807771258076277698 0.087305943593507850942 0.036735277585248200805 0.044180794845099104207 0.071038136504104745783
