examples/shallow_reservoirs_case/rasters/hexagon_sim_005_norm_linear.asc
ncols        120
nrows        80
xllcorner    0.000000000000
yllcorner    0.000000000000
cellsize     0.050000000000
NODATA_value  -9999
[rows 51 to 67 of 80, columns 80 to 119 of 120]
0.040000000000000000833 0.040624999999999994449 0.041249999999999995004 0.041875000000000002498 0.042499999999999996114 0.043124999999999996669 0.043749999999999997224 0.04437499999999999778 0.044999999999999998335 0.04491666666666666724 0.044833333333333336146 0.044749999999999998113 0.045362499999999993106 0.045975000000000001976 0.046587500000000003908 0.047199999999999998901 0.047359999999999999321 0.04751999999999999974 0.04768000000000000016 0.04784000000000000058 0.048000000000000000999 0.04905000000000000332 0.05010000000000000564 0.051150000000000001021 0.052200000000000003342 0.050275000000000000244 0.048350000000000004086 0.046425000000000000988 0.044499999999999997891 0.044999999999999998335 0.045499999999999998779 0.045999999999999999223 0.042400000000000000189 -9999 -9999 -9999 -9999 -9999 -9999 -9999
0.039600000000000003253 0.040000000000000007772 0.040400000000000005351 0.040800000000000002931 0.041200000000000000511 0.041899999999999999745 0.042599999999999998979 0.043300000000000005151 0.044000000000000004385 0.044000000000000004385 0.044000000000000011324 0.044000000000000004385 0.044624999999999998002 0.045249999999999998557 0.045875000000000006051 0.046499999999999999667 0.046650000000000003963 0.046800000000000001321 0.046950000000000005618 0.047100000000000002975 0.047250000000000000333 0.048124999999999994171 0.049000000000000001887 0.049875000000000002665 0.050749999999999996503 0.048712499999999998856 0.046674999999999994271 0.044637499999999989686 0.04259999999999999204 0.043733333333333332393 0.044866666666666665808 0.045999999999999999223 -9999 -9999 -9999 -9999 -9999 -9999 -9999 -9999
0.038800000000000001155 0.039100000000000002809 0.039400000000000004463 0.039699999999999999178 0.040000000000000000833 0.040899999999999998856 0.041800000000000003819 0.042700000000000008782 0.043600000000000006806 0.043733333333333346271 0.043866666666666671859 0.044000000000000004385 0.044499999999999997891 0.044999999999999998335 0.045500000000000005718 0.045999999999999999223 0.046199999999999998013 0.046399999999999996803 0.046600000000000002531 0.046800000000000001321 0.047000000000000000111 0.047625000000000000666 0.048250000000000001221 0.048875000000000001776 0.049500000000000002331 0.047625000000000007605 0.045749999999999999001 0.043874999999999997335 0.042000000000000002609 0.042999999999999996558 0.044499999999999997891 -9999 -9999 -9999 -9999 -9999 -9999 -9999 -9999 -9999
0.037999999999999999056 0.038312499999999999334 0.038624999999999999611 0.038937499999999999889 0.039250000000000000167 0.039812500000000000666 0.040375000000000001166 0.040937500000000001665 0.041500000000000002165 0.04199999999999999567 0.042499999999999996114 0.042999999999999996558 0.043749999999999997224 0.044499999999999997891 0.045249999999999998557 0.045999999999999999223 0.046199999999999998013 0.046399999999999996803 0.046600000000000002531 0.046800000000000001321 0.047000000000000000111 0.047100000000000002975 0.047199999999999998901 0.047299999999999994826 0.047399999999999997691 0.045799999999999993494 0.044199999999999996236 0.042599999999999998979 0.040999999999999994782 0.042999999999999996558 0.042200000000000001399 -9999 -9999 -9999 -9999 -9999 -9999 -9999 -9999 -9999
0.037999999999999999056 0.038249999999999999278 0.0384999999999999995 0.038749999999999999722 0.038999999999999999944 0.039437500000000000333 0.039874999999999993783 0.040312499999999994171 0.04074999999999999456 0.041333333333333333037 0.041916666666666664576 0.042499999999999996114 0.043374999999999996891 0.044249999999999997669 0.045124999999999998446 0.045999999999999999223 0.046199999999999998013 0.046399999999999996803 0.046600000000000002531 0.046800000000000001321 0.047000000000000000111 0.046812500000000006883 0.046624999999999999778 0.046437499999999992673 0.046249999999999999445 0.045062499999999991451 0.043874999999999997335 0.042687499999999996281 0.041499999999999995226 0.043333333333333334814 -9999 -9999 -9999 -9999 -9999 -9999 -9999 -9999 -9999 -9999
0.037999999999999999056 0.038249999999999999278 0.0384999999999999995 0.038749999999999999722 0.038999999999999999944 0.03949999999999999345 0.039999999999999993894 0.040499999999999994338 0.040999999999999994782 0.041333333333333333037 0.041666666666666671293 0.042000000000000002609 0.042999999999999996558 0.043999999999999997446 0.045000000000000005274 0.045999999999999999223 0.046199999999999998013 0.046399999999999996803 0.046600000000000002531 0.046800000000000001321 0.047000000000000000111 0.046687500000000006772 0.046374999999999999556 0.046062499999999992339 0.045749999999999999001 0.044812499999999998168 0.043874999999999997335 0.042937500000000003442 0.042000000000000002609 -9999 -9999 -9999 -9999 -9999 -9999 -9999 -9999 -9999 -9999 -9999
0.037200000000000003897 0.037650000000000002909 0.038100000000000001921 0.038550000000000000933 0.038999999999999999944 0.039349999999999996092 0.039699999999999999178 0.040049999999999995326 0.040399999999999991473 0.041266666666666659835 0.042133333333333328197 0.042999999999999996558 0.043562500000000003997 0.044124999999999997558 0.044687499999999991118 0.045249999999999998557 0.045520000000000004903 0.045789999999999997371 0.046059999999999996778 0.046329999999999996185 0.046599999999999995592 0.046012499999999997846 0.045424999999999993161 0.044837499999999995415 0.044249999999999997669 0.043687499999999997169 0.043124999999999996669 0.042562500000000003109 0.042000000000000002609 -9999 -9999 -9999 -9999 -9999 -9999 -9999 -9999 -9999 -9999 -9999
0.037000000000000005107 0.037500000000000005551 0.038000000000000005995 0.0384999999999999995 0.038999999999999999944 0.039250000000000000167 0.039500000000000000389 0.039750000000000000611 0.040000000000000000833 0.040999999999999994782 0.04199999999999999567 0.042999999999999996558 0.043749999999999997224 0.044499999999999997891 0.045249999999999998557 0.045999999999999999223 0.046199999999999998013 0.046399999999999996803 0.046600000000000002531 0.046800000000000001321 0.047000000000000000111 0.045850000000000001865 0.04469999999999999668 0.043549999999999991496 0.04239999999999999325 0.041950000000000001177 0.041499999999999995226 0.041500000000000002165 -9999 -9999 -9999 -9999 -9999 -9999 -9999 -9999 -9999 -9999 -9999 -9999
0.037000000000000005107 0.037700000000000004341 0.038400000000000003575 0.039100000000000002809 0.039800000000000002043 0.039850000000000003475 0.039900000000000004907 0.0399499999999999994 0.040000000000000000833 0.040666666666666670404 0.041333333333333333037 0.042000000000000002609 0.042799999999999997768 0.043599999999999999867 0.044400000000000001965 0.045199999999999997125 0.045559999999999996334 0.045920000000000002482 0.046280000000000001692 0.046640000000000000902 0.047000000000000000111 0.045499999999999998779 0.043999999999999997446 0.042499999999999996114 0.040999999999999994782 0.040999999999999994782 0.041000000000000001721 -9999 -9999 -9999 -9999 -9999 -9999 -9999 -9999 -9999 -9999 -9999 -9999 -9999
0.037000000000000005107 0.037750000000000005773 0.038500000000000006439 0.039250000000000000167 0.040000000000000000833 0.040000000000000000833 0.040000000000000000833 0.040000000000000000833 0.040000000000000000833 0.040666666666666670404 0.041333333333333333037 0.042000000000000002609 0.042749999999999996336 0.043499999999999997002 0.044250000000000004607 0.044999999999999998335 0.045399999999999995914 0.045800000000000000433 0.046199999999999998013 0.046600000000000002531 0.047000000000000000111 0.045374999999999998668 0.043749999999999997224 0.042124999999999995781 0.040499999999999994338 0.040500000000000001277 -9999 -9999 -9999 -9999 -9999 -9999 -9999 -9999 -9999 -9999 -9999 -9999 -9999 -9999
0.037000000000000005107 0.037500000000000005551 0.038000000000000005995 0.0384999999999999995 0.038999999999999999944 0.039250000000000000167 0.039500000000000000389 0.039750000000000000611 0.040000000000000000833 0.040666666666666670404 0.041333333333333333037 0.042000000000000002609 0.042749999999999996336 0.043499999999999997002 0.044250000000000004607 0.044999999999999998335 0.04529999999999999305 0.045600000000000001643 0.045899999999999996358 0.046200000000000004952 0.046499999999999999667 0.044875000000000005163 0.04324999999999999678 0.041624999999999995337 0.040000000000000000833 -9999 -9999 -9999 -9999 -9999 -9999 -9999 -9999 -9999 -9999 -9999 -9999 -9999 -9999 -9999
0.037250000000000005329 0.037687500000000005718 0.038125000000000006106 0.038562499999999999556 0.038999999999999999944 0.039250000000000000167 0.039500000000000000389 0.039750000000000000611 0.040000000000000000833 0.040666666666666670404 0.041333333333333333037 0.042000000000000002609 0.042999999999999996558 0.043999999999999997446 0.045000000000000005274 0.045999999999999999223 0.045800000000000000433 0.045600000000000001643 0.045399999999999995914 0.045199999999999997125 0.044999999999999998335 0.043750000000000004163 0.042499999999999996114 0.041249999999999995004 0.040000000000000000833 -9999 -9999 -9999 -9999 -9999 -9999 -9999 -9999 -9999 -9999 -9999 -9999 -9999 -9999 -9999
0.038199999999999997846 0.038399999999999996636 0.038599999999999995426 0.038800000000000001155 0.038999999999999999944 0.039250000000000000167 0.039500000000000000389 0.039750000000000000611 0.040000000000000000833 0.040916666666666670626 0.041833333333333333481 0.042750000000000003275 0.043374999999999996891 0.043999999999999997446 0.044624999999999998002 0.045249999999999998557 0.044900000000000002409 0.044550000000000006262 0.044200000000000003175 0.043850000000000007028 0.043500000000000003941 0.042300000000000004263 0.041099999999999997646 0.041062500000000001776 -9999 -9999 -9999 -9999 -9999 -9999 -9999 -9999 -9999 -9999 -9999 -9999 -9999 -9999 -9999 -9999
0.038999999999999999944 0.038999999999999999944 0.038999999999999999944 0.038999999999999999944 0.038999999999999999944 0.039250000000000000167 0.039500000000000000389 0.039750000000000000611 0.040000000000000000833 0.041333333333333333037 0.042666666666666672181 0.044000000000000004385 0.044249999999999997669 0.044499999999999997891 0.044750000000000005052 0.044999999999999998335 0.044439999999999993396 0.043880000000000002336 0.043319999999999997398 0.042760000000000006337 0.042200000000000001399 0.041800000000000003819 0.04212500000000000272 -9999 -9999 -9999 -9999 -9999 -9999 -9999 -9999 -9999 -9999 -9999 -9999 -9999 -9999 -9999 -9999 -9999
0.039500000000000000389 0.039375000000000000278 0.039250000000000000167 0.039125000000000000056 0.038999999999999999944 0.03949999999999999345 0.039999999999999993894 0.040499999999999994338 0.040999999999999994782 0.042333333333333333925 0.04366666666666666613 0.044999999999999998335 0.045249999999999998557 0.045499999999999998779 0.045749999999999999001 0.045999999999999999223 0.045299999999999999989 0.044600000000000000755 0.043900000000000001521 0.043200000000000002287 0.042500000000000003053 0.043187500000000003664 -9999 -9999 -9999 -9999 -9999 -9999 -9999 -9999 -9999 -9999 -9999 -9999 -9999 -9999 -9999 -9999 -9999 -9999
0.038999999999999999944 0.039149999999999997302 0.039300000000000001599 0.039450000000000005895 0.039600000000000003253 0.040100000000000003697 0.040599999999999997202 0.041099999999999990707 0.041599999999999991152 0.042733333333333324566 0.04386666666666666492 0.044999999999999998335 0.045249999999999998557 0.045499999999999998779 0.045749999999999999001 0.045999999999999999223 0.045649999999999996136 0.045299999999999999989 0.044950000000000003841 0.044600000000000007694 0.044250000000000004607 -9999 -9999 -9999 -9999 -9999 -9999 -9999 -9999 -9999 -9999 -9999 -9999 -9999 -9999 -9999 -9999 -9999 -9999 -9999
0.038999999999999999944 0.039250000000000000167 0.039500000000000000389 0.039750000000000000611 0.040000000000000000833 0.040687500000000001443 0.041375000000000002054 0.042062500000000002665 0.042750000000000003275 0.043566666666666670205 0.044383333333333330195 0.045199999999999997125 0.045299999999999999989 0.045399999999999995914 0.04549999999999999184 0.045599999999999994704 0.045479999999999999594 0.045359999999999997544 0.045240000000000002434 0.045120000000000007323 0.045000000000000005274 -9999 -9999 -9999 -9999 -9999 -9999 -9999 -9999 -9999 -9999 -9999 -9999 -9999 -9999 -9999 -9999 -9999 -9999 -9999
