examples/shallow_reservoirs_case/rasters/hexagon_exp_005_norm_linear.asc
ncols        120
nrows        80
xllcorner    0.000000000000
yllcorner    0.000000000000
cellsize     0.050000000000
NODATA_value  -9999
[rows 54 to 71 of 80, columns 78 to 116 of 120]
0.042400000000000007128 0.043000000000000010436 0.043600000000000006806 0.043400000000000001077 0.043600000000000006806 0.043800000000000005596 0.044000000000000004385 0.044100000000000000311 0.044200000000000003175 0.044799999999999999545 0.045399999999999995914 0.045199999999999997125 0.044999999999999998335 0.045599999999999994704 0.045999999999999999223 0.046399999999999996803 0.046799999999999994382 0.046399999999999996803 0.046850000000000002753 0.047300000000000001765 0.047750000000000000777 0.047000000000000000111 0.046249999999999999445 0.048399999999999998579 0.048733333333333336834 0.049066666666666661212 0.049399999999999999467 0.047000000000000000111 0.046833333333333330983 0.046666666666666668795 0.046499999999999999667 0.046249999999999999445 0.045999999999999999223 -9999 -9999 -9999 -9999 -9999 -9999
0.040583333333333332371 0.040666666666666663466 0.04074999999999999456 0.04199999999999999567 0.042249999999999995892 0.042500000000000003053 0.042750000000000003275 0.04324999999999999678 0.043749999999999997224 0.043499999999999997002 0.043250000000000003719 0.044124999999999997558 0.044999999999999998335 0.044999999999999998335 0.044999999999999998335 0.044999999999999998335 0.044999999999999998335 0.047000000000000000111 0.046933333333333333848 0.046866666666666667584 0.046799999999999994382 0.046399999999999996803 0.045999999999999999223 0.048250000000000001221 0.048000000000000000999 0.047750000000000000777 0.047500000000000000555 0.047000000000000000111 0.046666666666666661856 0.046333333333333337478 0.045999999999999999223 0.04562499999999999889 -9999 -9999 -9999 -9999 -9999 -9999 -9999
0.040399999999999998412 0.040400000000000005351 0.040400000000000005351 0.040999999999999994782 0.041399999999999992362 0.041800000000000003819 0.042200000000000001399 0.042700000000000001843 0.043200000000000002287 0.043099999999999999423 0.042999999999999996558 0.042999999999999996558 0.042999999999999996558 0.043250000000000003719 0.043766666666666668994 0.044283333333333327331 0.044799999999999992606 0.044999999999999998335 0.045416666666666667684 0.045833333333333330095 0.046249999999999999445 0.046624999999999999778 0.047000000000000000111 0.047750000000000000777 0.047083333333333338144 0.046416666666666668573 0.045749999999999999001 0.046249999999999999445 0.04591666666666666119 0.045583333333333336812 0.045249999999999998557 -9999 -9999 -9999 -9999 -9999 -9999 -9999 -9999
0.039916666666666669738 0.039833333333333331705 0.039750000000000000611 0.040000000000000000833 0.040333333333333332149 0.040666666666666663466 0.040999999999999994782 0.041124999999999994893 0.041249999999999995004 0.042124999999999995781 0.042999999999999996558 0.042624999999999996225 0.042250000000000002831 0.042999999999999996558 0.043583333333333335036 0.044166666666666673513 0.044750000000000005052 0.043750000000000004163 0.044166666666666673513 0.044583333333333335924 0.044999999999999998335 0.045600000000000001643 0.046199999999999998013 0.046199999999999998013 0.045800000000000000433 0.045400000000000002853 0.044999999999999998335 0.045249999999999998557 0.045833333333333337034 0.046416666666666675511 0.04700000000000000705 -9999 -9999 -9999 -9999 -9999 -9999 -9999 -9999
0.039199999999999998734 0.039400000000000004463 0.039600000000000003253 0.038999999999999999944 0.039266666666666671937 0.03953333333333333699 0.039800000000000002043 0.039900000000000004907 0.040000000000000000833 0.040700000000000000067 0.041399999999999999301 0.041800000000000003819 0.042200000000000001399 0.043749999999999997224 0.043999999999999997446 0.044249999999999997669 0.044499999999999997891 0.043999999999999997446 0.044333333333333328763 0.044666666666666667018 0.044999999999999998335 0.045124999999999998446 0.045249999999999998557 0.045499999999999998779 0.044666666666666660079 0.043833333333333335258 0.042999999999999996558 0.044999999999999998335 0.045666666666666674845 0.046285714285714291139 -9999 -9999 -9999 -9999 -9999 -9999 -9999 -9999 -9999
0.038333333333333330373 0.038416666666666668406 0.0384999999999999995 0.037500000000000005551 0.037916666666666667962 0.038333333333333337312 0.038749999999999999722 0.039749999999999993672 0.04074999999999999456 0.04074999999999999456 0.04074999999999999456 0.041124999999999994893 0.041500000000000002165 0.042400000000000000189 0.042599999999999998979 0.042799999999999997768 0.042999999999999996558 0.044200000000000003175 0.044550000000000006262 0.044900000000000002409 0.045249999999999998557 0.045374999999999998668 0.045499999999999998779 0.044999999999999998335 0.044333333333333335702 0.04366666666666666613 0.043000000000000003497 0.044999999999999998335 0.045571428571428582166 -9999 -9999 -9999 -9999 -9999 -9999 -9999 -9999 -9999 -9999
0.038199999999999997846 0.038400000000000003575 0.038600000000000002365 0.038600000000000002365 0.039066666666666666208 0.03953333333333333699 0.040000000000000000833 0.040299999999999995548 0.040599999999999990263 0.040499999999999994338 0.040399999999999998412 0.040499999999999994338 0.040599999999999990263 0.040999999999999994782 0.041749999999999995448 0.042499999999999996114 0.04324999999999999678 0.043500000000000003941 0.044000000000000004385 0.044500000000000004829 0.044999999999999998335 0.045499999999999998779 0.045999999999999999223 0.044250000000000004607 0.04408333333333333548 0.043916666666666673291 0.043750000000000004163 0.044857142857142859316 -9999 -9999 -9999 -9999 -9999 -9999 -9999 -9999 -9999 -9999 -9999
0.038166666666666668184 0.038583333333333337534 0.038999999999999999944 0.038749999999999999722 0.039083333333333331039 0.039416666666666669294 0.039750000000000000611 0.039875000000000000722 0.040000000000000000833 0.039875000000000000722 0.039750000000000000611 0.039500000000000000389 0.039250000000000000167 0.040999999999999994782 0.04199999999999999567 0.043000000000000003497 0.044000000000000004385 0.042999999999999996558 0.043599999999999999867 0.044199999999999989297 0.044799999999999992606 0.044774999999999995359 0.044749999999999998113 0.044999999999999998335 0.044583333333333335924 0.044166666666666666574 0.043749999999999997224 -9999 -9999 -9999 -9999 -9999 -9999 -9999 -9999 -9999 -9999 -9999 -9999
0.038133333333333338522 0.038266666666666671048 0.038400000000000003575 0.038000000000000005995 0.038333333333333337312 0.038666666666666668628 0.038999999999999999944 0.03909999999999999587 0.039199999999999998734 0.039199999999999998734 0.039199999999999998734 0.039199999999999998734 0.039199999999999998734 0.041399999999999999301 0.041800000000000003819 0.04219999999999999446 0.04259999999999999204 0.043199999999999995348 0.043633333333333329529 0.044066666666666670649 0.044500000000000004829 0.044249999999999997669 0.043999999999999997446 0.044749999999999998113 0.044499999999999997891 0.044250000000000004607 0.044000000000000004385 -9999 -9999 -9999 -9999 -9999 -9999 -9999 -9999 -9999 -9999 -9999 -9999
0.037999999999999999056 0.037750000000000005773 0.037500000000000005551 0.037500000000000005551 0.037833333333333336868 0.038166666666666668184 0.0384999999999999995 0.038999999999999999944 0.039500000000000000389 0.039250000000000000167 0.038999999999999999944 0.039375000000000000278 0.039750000000000000611 0.040750000000000001499 0.041166666666666670849 0.041583333333333333259 0.042000000000000002609 0.042999999999999996558 0.042999999999999996558 0.042999999999999996558 0.042999999999999996558 0.043374999999999996891 0.043749999999999997224 0.044250000000000004607 0.044150000000000001743 0.044028571428571430801 -9999 -9999 -9999 -9999 -9999 -9999 -9999 -9999 -9999 -9999 -9999 -9999 -9999
0.038866666666666667418 0.038733333333333334891 0.038600000000000002365 0.038199999999999997846 0.038266666666666671048 0.038333333333333337312 0.038400000000000003575 0.038400000000000003575 0.038400000000000003575 0.03869999999999999829 0.038999999999999999944 0.03909999999999999587 0.039199999999999998734 0.040999999999999994782 0.041533333333333331827 0.042066666666666668872 0.042600000000000005917 0.043800000000000005596 0.043800000000000005596 0.043800000000000005596 0.043800000000000005596 0.044100000000000000311 0.044400000000000001965 0.044200000000000003175 0.044057142857142857217 -9999 -9999 -9999 -9999 -9999 -9999 -9999 -9999 -9999 -9999 -9999 -9999 -9999 -9999
0.0384999999999999995 0.038749999999999999722 0.038999999999999999944 0.0384999999999999995 0.038749999999999999722 0.039000000000000006883 0.039250000000000000167 0.038874999999999999833 0.0384999999999999995 0.038874999999999999833 0.039250000000000000167 0.039500000000000000389 0.039750000000000000611 0.040999999999999994782 0.042000000000000002609 0.043000000000000003497 0.044000000000000004385 0.04324999999999999678 0.043583333333333335036 0.043916666666666673291 0.044250000000000004607 0.043874999999999997335 0.043499999999999997002 0.044085714285714297511 -9999 -9999 -9999 -9999 -9999 -9999 -9999 -9999 -9999 -9999 -9999 -9999 -9999 -9999 -9999
0.038000000000000005995 0.038000000000000005995 0.038000000000000005995 0.037200000000000003897 0.037600000000000008415 0.038000000000000005995 0.038400000000000003575 0.03869999999999999829 0.038999999999999999944 0.038999999999999999944 0.038999999999999999944 0.039699999999999999178 0.040400000000000005351 0.042500000000000003053 0.042666666666666672181 0.04283333333333333437 0.043000000000000003497 0.044000000000000004385 0.044000000000000011324 0.044000000000000004385 0.044000000000000004385 0.044000000000000004385 0.044000000000000004385 -9999 -9999 -9999 -9999 -9999 -9999 -9999 -9999 -9999 -9999 -9999 -9999 -9999 -9999 -9999 -9999
0.038416666666666668406 0.03808333333333333709 0.037750000000000005773 0.037500000000000005551 0.03808333333333333709 0.038666666666666668628 0.039250000000000000167 0.039875000000000000722 0.040500000000000001277 0.039750000000000000611 0.038999999999999999944 0.039874999999999993783 0.04074999999999999456 0.04159999999999999809 0.042000000000000002609 0.042400000000000000189 0.042799999999999997768 0.044000000000000004385 0.043866666666666671859 0.043733333333333339332 0.043599999999999999867 0.043800000000000005596 0.044000000000000004385 -9999 -9999 -9999 -9999 -9999 -9999 -9999 -9999 -9999 -9999 -9999 -9999 -9999 -9999 -9999 -9999
0.038466666666666662899 0.038733333333333334891 0.038999999999999999944 0.038400000000000003575 0.038600000000000002365 0.038800000000000001155 0.038999999999999999944 0.039300000000000001599 0.039600000000000003253 0.039699999999999999178 0.039800000000000002043 0.040000000000000000833 0.040199999999999999623 0.041499999999999995226 0.042249999999999995892 0.042999999999999996558 0.043749999999999997224 0.042999999999999996558 0.042999999999999996558 0.042999999999999996558 0.042999999999999996558 0.043700000000000002731 -9999 -9999 -9999 -9999 -9999 -9999 -9999 -9999 -9999 -9999 -9999 -9999 -9999 -9999 -9999 -9999 -9999
0.038500000000000006439 0.038999999999999999944 0.039500000000000000389 0.038249999999999999278 0.038249999999999999278 0.038249999999999999278 0.038249999999999999278 0.038874999999999999833 0.039500000000000000389 0.040249999999999994116 0.040999999999999994782 0.041249999999999995004 0.041499999999999995226 0.043599999999999992928 0.043399999999999994138 0.043199999999999995348 0.042999999999999996558 0.04279999999999999083 0.042999999999999996558 0.043199999999999995348 0.043399999999999994138 -9999 -9999 -9999 -9999 -9999 -9999 -9999 -9999 -9999 -9999 -9999 -9999 -9999 -9999 -9999 -9999 -9999 -9999
0.03873333333333334183 0.039066666666666673147 0.039400000000000004463 0.038999999999999999944 0.038999999999999999944 0.038999999999999999944 0.038999999999999999944 0.039899999999999997968 0.040799999999999995992 0.040699999999999993128 0.040599999999999990263 0.041200000000000000511 0.041800000000000003819 0.043250000000000003719 0.043166666666666672625 0.043083333333333334592 0.042999999999999996558 0.044000000000000004385 0.043800000000000005596 0.043266666666666661611 -9999 -9999 -9999 -9999 -9999 -9999 -9999 -9999 -9999 -9999 -9999 -9999 -9999 -9999 -9999 -9999 -9999 -9999 -9999
0.039750000000000000611 0.039750000000000000611 0.039750000000000000611 0.040000000000000000833 0.040333333333333332149 0.040666666666666670404 0.040999999999999994782 0.040874999999999994671 0.04074999999999999456 0.040874999999999994671 0.040999999999999994782 0.041499999999999995226 0.042000000000000002609 0.043250000000000003719 0.042916666666666672403 0.042583333333333334147 0.042249999999999995892 0.044000000000000004385 0.043133333333333336024 -9999 -9999 -9999 -9999 -9999 -9999 -9999 -9999 -9999 -9999 -9999 -9999 -9999 -9999 -9999 -9999 -9999 -9999 -9999 -9999
