examples/shallow_reservoirs_case/rasters/hexagon_exp_005_norm_linear.asc
ncols        120
nrows        80
xllcorner    0.000000000000
yllcorner    0.000000000000
cellsize     0.050000000000
NODATA_value  -9999
[rows 0 to 17 of 80, columns 78 to 116 of 120]
0.038733333333333334891 0.038866666666666667418 0.038999999999999999944 0.038199999999999997846 0.03806666666666666532 0.037933333333333339732 0.037800000000000007205 0.038900000000000004019 0.040000000000000000833 0.038500000000000006439 0.037000000000000005107 0.038000000000000005995 0.038999999999999999944 -9999 -9999 -9999 -9999 -9999 -9999 -9999 -9999 -9999 -9999 -9999 -9999 -9999 -9999 -9999 -9999 -9999 -9999 -9999 -9999 -9999 -9999 -9999 -9999 -9999 -9999
0.040666666666666663466 0.040333333333333332149 0.040000000000000000833 0.040999999999999994782 0.040666666666666670404 0.040333333333333332149 0.040000000000000000833 0.040125000000000000944 0.040250000000000001055 0.038875000000000006772 0.037500000000000005551 0.038500000000000006439 0.039500000000000000389 0.03949999999999999345 -9999 -9999 -9999 -9999 -9999 -9999 -9999 -9999 -9999 -9999 -9999 -9999 -9999 -9999 -9999 -9999 -9999 -9999 -9999 -9999 -9999 -9999 -9999 -9999 -9999
0.0393333333333333382 0.040066666666666660157 0.040799999999999989053 0.040799999999999989053 0.040399999999999991473 0.040000000000000000833 0.039600000000000003253 0.039699999999999999178 0.039800000000000002043 0.039900000000000004907 0.040000000000000000833 0.040299999999999995548 0.040599999999999990263 0.040333333333333332149 0.039999999999999993894 -9999 -9999 -9999 -9999 -9999 -9999 -9999 -9999 -9999 -9999 -9999 -9999 -9999 -9999 -9999 -9999 -9999 -9999 -9999 -9999 -9999 -9999 -9999 -9999
0.037916666666666667962 0.038833333333333337756 0.039750000000000000611 0.039250000000000000167 0.038749999999999999722 0.038250000000000006217 0.037750000000000005773 0.038250000000000006217 0.038749999999999999722 0.039624999999999993561 0.040499999999999994338 0.040374999999999994227 0.040249999999999994116 0.040249999999999994116 0.040527777777777773682 0.040499999999999994338 -9999 -9999 -9999 -9999 -9999 -9999 -9999 -9999 -9999 -9999 -9999 -9999 -9999 -9999 -9999 -9999 -9999 -9999 -9999 -9999 -9999 -9999 -9999
0.038333333333333337312 0.039066666666666666208 0.039800000000000002043 0.037400000000000002687 0.037400000000000002687 0.037400000000000002687 0.037400000000000002687 0.037900000000000003131 0.038400000000000003575 0.038400000000000003575 0.038400000000000003575 0.038400000000000003575 0.038400000000000003575 0.040000000000000000833 0.040333333333333332149 0.040666666666666670404 0.040999999999999994782 -9999 -9999 -9999 -9999 -9999 -9999 -9999 -9999 -9999 -9999 -9999 -9999 -9999 -9999 -9999 -9999 -9999 -9999 -9999 -9999 -9999 -9999
0.038833333333333330817 0.039666666666666662577 0.040499999999999994338 0.037999999999999999056 0.037999999999999999056 0.038000000000000005995 0.037999999999999999056 0.038374999999999999389 0.038749999999999999722 0.038874999999999999833 0.038999999999999999944 0.0384999999999999995 0.037999999999999999056 0.040499999999999994338 0.040416666666666663243 0.04033333333333332521 0.040249999999999994116 -9999 -9999 -9999 -9999 -9999 -9999 -9999 -9999 -9999 -9999 -9999 -9999 -9999 -9999 -9999 -9999 -9999 -9999 -9999 -9999 -9999 -9999
0.038066666666666672258 0.038733333333333334891 0.039400000000000004463 0.037600000000000008415 0.037533333333333342152 0.037466666666666675889 0.037400000000000002687 0.037800000000000000266 0.038199999999999997846 0.03909999999999999587 0.040000000000000000833 0.039699999999999999178 0.039400000000000004463 0.04074999999999999456 0.040499999999999994338 0.040250000000000001055 0.040000000000000000833 0.041857142857142856651 -9999 -9999 -9999 -9999 -9999 -9999 -9999 -9999 -9999 -9999 -9999 -9999 -9999 -9999 -9999 -9999 -9999 -9999 -9999 -9999 -9999
0.037166666666666674235 0.037333333333333336423 0.037500000000000005551 0.037000000000000005107 0.037000000000000005107 0.037000000000000005107 0.037000000000000005107 0.038125000000000006106 0.039250000000000000167 0.039250000000000000167 0.039250000000000000167 0.0396250000000000005 0.040000000000000000833 0.040400000000000005351 0.040333333333333339088 0.040266666666666672825 0.040199999999999999623 0.042000000000000002609 0.042571428571428565624 -9999 -9999 -9999 -9999 -9999 -9999 -9999 -9999 -9999 -9999 -9999 -9999 -9999 -9999 -9999 -9999 -9999 -9999 -9999 -9999
0.037600000000000001477 0.037400000000000002687 0.037200000000000003897 0.037800000000000000266 0.037800000000000000266 0.037800000000000000266 0.037800000000000000266 0.038600000000000002365 0.039400000000000004463 0.039500000000000007327 0.039600000000000003253 0.039600000000000003253 0.039600000000000003253 0.041249999999999995004 0.041583333333333333259 0.041916666666666671515 0.042250000000000002831 0.042999999999999996558 0.042999999999999996558 0.043285714285714295413 -9999 -9999 -9999 -9999 -9999 -9999 -9999 -9999 -9999 -9999 -9999 -9999 -9999 -9999 -9999 -9999 -9999 -9999 -9999
0.038000000000000005995 0.037999999999999999056 0.037999999999999999056 0.037999999999999999056 0.03766666666666666774 0.037333333333333343362 0.037000000000000005107 0.037250000000000005329 0.037500000000000005551 0.038750000000000006661 0.040000000000000000833 0.040000000000000000833 0.040000000000000000833 0.041800000000000003819 0.041950000000000001177 0.042099999999999998535 0.042250000000000002831 0.04324999999999999678 0.043499999999999997002 0.043750000000000004163 0.044000000000000004385 -9999 -9999 -9999 -9999 -9999 -9999 -9999 -9999 -9999 -9999 -9999 -9999 -9999 -9999 -9999 -9999 -9999 -9999
0.037200000000000010836 0.037400000000000009626 0.037600000000000008415 0.037200000000000003897 0.037000000000000005107 0.036800000000000013256 0.036600000000000007527 0.036900000000000002243 0.037200000000000003897 0.038500000000000006439 0.039800000000000002043 0.040100000000000003697 0.040400000000000005351 0.040499999999999994338 0.041200000000000000511 0.041900000000000006684 0.042600000000000005917 0.043200000000000002287 0.04346666666666666734 0.043733333333333339332 0.044000000000000004385 -9999 -9999 -9999 -9999 -9999 -9999 -9999 -9999 -9999 -9999 -9999 -9999 -9999 -9999 -9999 -9999 -9999 -9999
0.03583333333333334203 0.03541666666666667268 0.035000000000000003331 0.036000000000000004219 0.03641666666666666663 0.036833333333333342918 0.037250000000000005329 0.037625000000000005662 0.037999999999999999056 0.037875000000000005884 0.037750000000000005773 0.038500000000000006439 0.039250000000000000167 0.040000000000000000833 0.040750000000000001499 0.041500000000000009104 0.042250000000000002831 0.043250000000000003719 0.043500000000000003941 0.043750000000000011102 0.044000000000000004385 0.044333333333333335702 -9999 -9999 -9999 -9999 -9999 -9999 -9999 -9999 -9999 -9999 -9999 -9999 -9999 -9999 -9999 -9999 -9999
0.035200000000000002121 0.034400000000000006961 0.033600000000000004863 0.034400000000000000022 0.035466666666666674113 0.036533333333333341264 0.037600000000000008415 0.037500000000000005551 0.037400000000000002687 0.036700000000000003453 0.036000000000000004219 0.037000000000000005107 0.037999999999999999056 0.039600000000000003253 0.040600000000000004141 0.04159999999999999809 0.04259999999999999204 0.042999999999999996558 0.043733333333333332393 0.044466666666666668228 0.045200000000000004063 0.04493333333333333901 0.044666666666666667018 -9999 -9999 -9999 -9999 -9999 -9999 -9999 -9999 -9999 -9999 -9999 -9999 -9999 -9999 -9999 -9999
0.035166666666666672458 0.03458333333333334092 0.034000000000000002442 0.034250000000000002665 0.034916666666666672236 0.035583333333333341808 0.036250000000000004441 0.036375000000000004552 0.036500000000000004663 0.03612500000000000433 0.035750000000000003997 0.036375000000000004552 0.037000000000000005107 0.040000000000000000833 0.040666666666666670404 0.041333333333333333037 0.042000000000000002609 0.042000000000000002609 0.042916666666666672403 0.043833333333333335258 0.044749999999999998113 0.044999999999999998335 0.045250000000000005496 0.044500000000000004829 -9999 -9999 -9999 -9999 -9999 -9999 -9999 -9999 -9999 -9999 -9999 -9999 -9999 -9999 -9999
0.034333333333333340698 0.034266666666666667496 0.034200000000000001232 0.033200000000000000344 0.033800000000000003653 0.034400000000000000022 0.035000000000000003331 0.035600000000000006639 0.036200000000000003009 0.035900000000000001354 0.035600000000000006639 0.036900000000000002243 0.038199999999999997846 0.039199999999999998734 0.039800000000000002043 0.040399999999999991473 0.040999999999999994782 0.042250000000000002831 0.042833333333333341308 0.043416666666666672847 0.044000000000000004385 0.044999999999999998335 0.045999999999999999223 0.045999999999999999223 0.044666666666666667018 -9999 -9999 -9999 -9999 -9999 -9999 -9999 -9999 -9999 -9999 -9999 -9999 -9999 -9999
0.034916666666666665297 0.03458333333333334092 0.034250000000000002665 0.033000000000000001554 0.03375000000000000222 0.034500000000000002887 0.035250000000000003553 0.035875000000000004108 0.036500000000000004663 0.036250000000000004441 0.036000000000000004219 0.036875000000000004996 0.037750000000000005773 0.039500000000000000389 0.040199999999999999623 0.040899999999999998856 0.041599999999999991152 0.042800000000000004707 0.04346666666666666734 0.044133333333333336912 0.044799999999999999545 0.045199999999999997125 0.045599999999999994704 0.045249999999999998557 0.045666666666666667906 -9999 -9999 -9999 -9999 -9999 -9999 -9999 -9999 -9999 -9999 -9999 -9999 -9999 -9999
0.035733333333333339166 0.035466666666666674113 0.035200000000000002121 0.034000000000000002442 0.034666666666666672014 0.035333333333333341586 0.036000000000000004219 0.036100000000000007083 0.036200000000000003009 0.036700000000000003453 0.037200000000000003897 0.037600000000000001477 0.037999999999999999056 0.039250000000000000167 0.040250000000000001055 0.041249999999999995004 0.042249999999999995892 0.042999999999999996558 0.043999999999999997446 0.044999999999999998335 0.045999999999999999223 0.045999999999999999223 0.045999999999999999223 0.045499999999999998779 0.045249999999999998557 0.04533333333333333659 -9999 -9999 -9999 -9999 -9999 -9999 -9999 -9999 -9999 -9999 -9999 -9999 -9999
0.035750000000000003997 0.035750000000000003997 0.035750000000000003997 0.034750000000000003109 0.035000000000000003331 0.035250000000000003553 0.035500000000000003775 0.03612500000000000433 0.036750000000000004885 0.037500000000000005551 0.038249999999999999278 0.0384999999999999995 0.038749999999999999722 0.039600000000000003253 0.040266666666666665886 0.040933333333333335458 0.041599999999999991152 0.044200000000000003175 0.044633333333333337356 0.045066666666666664598 0.045499999999999998779 0.046124999999999999334 0.046749999999999999889 0.047000000000000000111 0.046333333333333337478 0.045666666666666674845 0.045000000000000005274 -9999 -9999 -9999 -9999 -9999 -9999 -9999 -9999 -9999 -9999 -9999 -9999
