shallow_reservoirs_case/rasters/diamond_sim_01_norm.asc
ncols        60
nrows        40
xllcorner    0.000000000000
yllcorner    -0.000391944000
cellsize     0.100000000000
NODATA_value  -9999
[rows 0 to 20 of 40, columns 0 to 46 of 60]
-9999.0 -9999 -9999 -9999 -9999 -9999 -9999 -9999 -9999 -9999 -9999 -9999 -9999 -9999 -9999 -9999 -9999 -9999 -9999 -9999 -9999 -9999 -9999 -9999 -9999 -9999 -9999 -9999 0.053421594999999995335 0.053435537928571426314 0.053449480857142857293 0.051219752666666666652 -9999 -9999 -9999 -9999 -9999 -9999 -9999 -9999 -9999 -9999 -9999 -9999 -9999 -9999 -9999
-9999 -9999 -9999 -9999 -9999 -9999 -9999 -9999 -9999 -9999 -9999 -9999 -9999 -9999 -9999 -9999 -9999 -9999 -9999 -9999 -9999 -9999 -9999 -9999 -9999 -9999 -9999 0.054211946857142860601 0.054044004285714285218 0.054099800309523812802 0.054155596333333333448 0.051884389857142852731 0.051611336285714286276 -9999 -9999 -9999 -9999 -9999 -9999 -9999 -9999 -9999 -9999 -9999 -9999 -9999 -9999
-9999 -9999 -9999 -9999 -9999 -9999 -9999 -9999 -9999 -9999 -9999 -9999 -9999 -9999 -9999 -9999 -9999 -9999 -9999 -9999 -9999 -9999 -9999 -9999 -9999 0.054895225678571427097 0.055594584250000002312 0.054996472153846148734 0.054322456500000004809 0.054139202107142861409 0.053955947714285724948 0.052872508666666657995 0.05204194184615384966 0.05082641949999999742 0.050792934892857147244 -9999 -9999 -9999 -9999 -9999 -9999 -9999 -9999 -9999 -9999 -9999 -9999
-9999 -9999 -9999 -9999 -9999 -9999 -9999 -9999 -9999 -9999 -9999 -9999 -9999 -9999 -9999 -9999 -9999 -9999 -9999 -9999 -9999 -9999 -9999 0.055578504500000000532 0.055205918166666666236 0.054833331833333331939 0.054799154285714295198 0.054039327428571426459 0.053611901714285710441 0.053358712107142852732 0.053105522500000001962 0.052948080285714287097 0.052275072714285719666 0.051139380714285712082 0.050755188773809523095 0.05037099683333332717 0.049974533500000001274 -9999 -9999 -9999 -9999 -9999 -9999 -9999 -9999 -9999 -9999
-9999 -9999 -9999 -9999 -9999 -9999 -9999 -9999 -9999 -9999 -9999 -9999 -9999 -9999 -9999 -9999 -9999 -9999 -9999 -9999 -9999 -9999 0.05582159783333334041 0.055035141142857138541 0.054235908071428570731 0.053436674999999995983 0.053067982166666666233 0.052043903846153843906 0.052087247285714281808 0.051879828285714281455 0.051672409285714281102 0.052337309285714284091 0.051907666230769228255 0.05100128166666666879 0.050886491833333331869 0.050771701999999994948 0.050114215142857139462 0.049344456500000001553 -9999 -9999 -9999 -9999 -9999 -9999 -9999 -9999 -9999
-9999 -9999 -9999 -9999 -9999 -9999 -9999 -9999 -9999 -9999 -9999 -9999 -9999 -9999 -9999 -9999 -9999 -9999 -9999 -9999 0.055852566416666665772 0.056081886999999996934 0.055279604916666669201 0.05331078399999999301 0.052468023785714280882 0.051625263571428568754 0.050648895285714291836 0.05010103930769231606 0.050410807000000001921 0.049971192999999997086 0.049531578999999999191 0.050750730166666674359 0.050528606769230773044 0.050203129142857141898 0.050267717500000003161 0.050332305857142857486 0.049925015857142852893 0.049175875083333327187 0.042649972333333341368 0.049375974500000002765 -9999 -9999 -9999 -9999 -9999 -9999 -9999
-9999 -9999 -9999 -9999 -9999 -9999 -9999 -9999 -9999 -9999 -9999 -9999 -9999 -9999 -9999 -9999 -9999 -9999 0.055883534999999998072 0.055410707500000003223 0.054937880000000001435 0.054775989428571432438 0.05352783021428571264 0.050815970500000001708 0.049812703249999992772 0.048809435999999990774 0.047968326857142855324 0.047869676785714285194 0.048188436857142864789 0.047719118845238099602 0.047249800833333334416 0.048201125714285711354 0.048515195500000003748 0.048369103285714289131 0.04866923114285714308 0.048969358999999997029 0.04904386316666666662 0.049283387642857147404 0.044053023857142860342 0.042812400142857143237 0.041571776428571426132 -9999 -9999 -9999 -9999 -9999 -9999
-9999 -9999 -9999 -9999 -9999 -9999 -9999 -9999 -9999 -9999 -9999 -9999 -9999 -9999 -9999 -9999 -9999 0.055792828374999998975 0.054999481363636353037 0.053932298015151508563 0.052865114666666664089 0.052501940166666670462 0.050873614071428562011 0.04838607271428572304 0.047380274499999999738 0.046374476285714283375 0.045899331333333341643 0.04554469550000000283 0.045644998571428570255 0.045160835571428574464 0.044676672571428578673 0.045366314714285704834 0.045881542642857146841 0.046081391999999998799 0.046775403499999999857 0.047469415000000000915 0.047419783714285720921 0.048352756285714282303 0.047001130333333335232 0.046585654512820512396 0.0461701786923076965 0.047473797096153846908 0.048777415499999997317 -9999 -9999 -9999 -9999
-9999 -9999 -9999 -9999 -9999 -9999 -9999 -9999 -9999 -9999 -9999 -9999 -9999 -9999 -9999 0.055918254187500002206 0.055702121749999999878 0.054540669589285710461 0.053379217428571421045 0.05184200414285713987 0.050304790857142851757 0.049493136999999999548 0.047741453714285717047 0.045453403000000003331 0.044340138857142857853 0.043226874714285705437 0.043729801571428576767 0.043086331083333338776 0.043195763166666657773 0.042727157583333327806 0.042258552000000004778 0.042672370166666667712 0.043181067916666669715 0.043606004857142846576 0.044495580071428564306 0.045385155285714288975 0.045394833857142859179 0.046633046214285718556 0.048328178142857149135 0.047843355714285717983 0.047358533285714279892 0.048061178214285710242 0.04876382314285714753 0.048603341333333327512 0.048939890999999999255 -9999 -9999
-9999 -9999 -9999 -9999 -9999 -9999 -9999 -9999 -9999 -9999 -9999 -9999 -9999 0.056043679999999998498 0.056114203500000001124 0.056184727000000003749 0.053620667214285711033 0.052020422684065925623 0.050420178153846147151 0.049088278076923071158 0.047756377999999995165 0.046344077285714282977 0.045045477076923072512 0.042604185285714288312 0.041606996726190476066 0.040609808166666670759 0.041098059857142855977 0.040914285714285715534 0.041089882571428572311 0.040650546714285716587 0.040211210857142860864 0.040532115142857143286 0.040999199285714278684 0.040849510285714284163 0.042088982809523806106 0.043328455333333328048 0.04313050442857142841 0.044833664923076915754 0.04763842857142857462 0.047759944250000005428 0.047881459928571436235 0.048193248380952381782 0.048505036833333327329 0.048368555714285714486 0.048431278714285715126 0.04833115716666666617 -9999
-9999 -9999 -9999 -9999 -9999 -9999 -9999 -9999 -9999 -9999 -9999 -9999 0.055985055499999998585 0.055728091888888879601 0.055042420801587298163 0.054356749714285716724 0.051053275857142858818 0.049462929467032970554 0.047872583076923075351 0.046277560121794875103 0.044682537166666667916 0.042917002428571424111 0.042376089071428570121 0.040442622666666670772 0.039476283619047619622 0.038509944571428568472 0.038970188333333329045 0.038915424071428575403 0.039301541000000002335 0.038880092083333331332 0.038458643166666667268 0.0385929481428571447 0.039039428428571429364 0.038616228833333328396 0.039842471130952378244 0.041068713428571428092 0.041057685166666663124 0.042792577714285719159 0.046328627000000004166 0.047030756208333336643 0.047732885416666669121 0.04786907320833333479 0.048005261000000007399 0.047867675571428576486 0.04785647100000000459 0.048282769461538470324 0.04877151023076923414
-9999 -9999 -9999 -9999 -9999 -9999 -9999 -9999 -9999 -9999 0.054692327166666665494 0.055926430999999998672 0.05505354603571428751 0.054180661071428569409 0.053070896369047618202 0.051961131666666666995 0.047495989307692304537 0.045977619868131869296 0.044459250428571427116 0.043161862999999994761 0.041864475571428569345 0.040289811833333334656 0.039924544692307689653 0.038472753142857148145 0.037712653071428570151 0.036952552999999999095 0.037326588571428565011 0.037263629666666672757 0.037691664428571428069 0.037420616500000003501 0.037149568571428578934 0.037188934857142856572 0.037628734166666670535 0.037046495142857141514 0.038021709642857143274 0.038996924142857145035 0.039414686857142854082 0.041025064846153841414 0.044841265500000004884 0.045875752857142855501 0.046910240214285706117 0.047316766964285703057 0.047723293714285706935 0.047324256571428566231 0.047427985999999998368 0.04802988407692308781 0.048762489115384624605
-9999 -9999 -9999 -9999 -9999 -9999 -9999 -9999 -9999 0.054633702666666672521 0.055794219000000006004 0.054017661000000001537 0.052681773821428579119 0.051345886642857149762 0.049779671321428575759 0.048213456000000001755 0.043763103571428561833 0.042520644642857138851 0.041278185714285715868 0.040458083357142855807 0.039637980999999995746 0.038326641714285715479 0.038061235857142862449 0.036703841571428572066 0.036239581202380952152 0.035775320833333332238 0.036124105428571424981 0.03616163121428570687 0.036557708000000001258 0.036286754416666663903 0.036015800833333333486 0.035942086499999997828 0.036119541500000004741 0.035626248000000006189 0.036529950833333338367 0.037433653666666670545 0.037872191571428577561 0.039683955571428571052 0.043400088428571424737 0.04462565478571428601 0.045851221142857147284 0.046631220000000001003 0.047411218857142854721 0.047170104285714289927 0.047071328142857145338 0.047800176785714292016 0.048535242046703300223
-9999 -9999 -9999 -9999 -9999 -9999 -9999 0.053340974333333332491 0.056452921000000003127 0.051193974833333329155 0.051488071000000003308 0.049972445642857146741 0.049317656238095239352 0.048662866833333338901 0.046610401273809526357 0.044557935714285713813 0.0413436870000000109 0.040299422269230777971 0.039255157538461538103 0.038644517054945051737 0.038033876571428572311 0.037027231571428571855 0.036709345000000004333 0.035563538142857141489 0.035210095428571425158 0.034856652714285715766 0.035280273166666660523 0.035358034214285717634 0.035606107428571426299 0.035414973880952382856 0.035223840333333332475 0.034900170571428572319 0.034951509785714290901 0.034775813833333328595 0.035513116630952377972 0.036250419428571427349 0.036539680142857147715 0.038554707000000000561 0.042089405428571431689 0.04337888485714286313 0.04466836428571429457 0.045832223892857147651 0.046996083500000000732 0.047217298666666664142 0.047152187571428569313 0.04759448246153847456 0.048354816500000008528
-9999 -9999 -9999 -9999 -9999 0.0520482459999999994 0.051508268599999997017 0.051817697871428571033 0.052127127142857145048 0.042737616999999998579 0.045310789500000003827 0.046161126999999989307 0.045865703928571421866 0.045570280857142861364 0.043816960071428573409 0.042063639285714285454 0.0394395088461538465 0.038713066230769227483 0.037986623615384615404 0.037476262141025645791 0.036965900666666669239 0.036293921833333332716 0.035927284357142853788 0.034750610500000007896 0.034439157607142861783 0.03412770471428571567 0.034451944571428569364 0.034634788923076927081 0.034953443714285707677 0.03478910921428571279 0.034624774714285717903 0.034219891571428573407 0.034197660999999997256 0.034260825571428572822 0.034864690857142860425 0.035468556142857141089 0.035986943000000000403 0.037600806357142857461 0.041034277500000000682 0.042416921958333332621 0.043799566416666664559 0.045240024279761904824 0.046680482142857145089 0.047160277857142864077 0.047462776166666664768 0.04747680971428570873 0.048112574107142855317
-9999 -9999 -9999 -9999 0.044641472749999994152 0.047491749444444446293 0.043589952857142851006 0.04458659564285713528 0.045583238428571419554 0.037066553857142858774 0.046484949142857133475 0.045171369583333335906 0.043965520077380949859 0.042759670571428563812 0.041543857214285710711 0.040328043857142857609 0.038401889071428572942 0.037723254821428575667 0.037044620571428578393 0.036522128928571429007 0.035999637285714279622 0.03559692414285714479 0.035306225214285717751 0.034211511571428571132 0.034086980619047621555 0.033962449666666665038 0.033702720428571426858 0.033793580999999996151 0.03425122299999999731 0.034155769749999995155 0.03406031649999999994 0.033691576166666667436 0.033750754846153835365 0.034085790571428568885 0.034460077702380950693 0.034834364833333332501 0.035592915714285709716 0.037165333000000001784 0.039998105714285712986 0.041461871392857146956 0.042925637071428580926 0.044357897250000007106 0.045790157428571433285 0.046737280714285713012 0.047587980000000008884 0.046990553071428568799 0.047820595920329667106
-9999 -9999 0.034172873999999998917 0.037234699499999995842 0.040296524999999992767 0.040592408214285717605 0.038824266666666669423 0.040131815250000001105 0.041439363833333332787 0.039124226499999997797 0.044492171428571425373 0.043414934142857138089 0.042293537071428563556 0.041172139999999995963 0.040057495285714284083 0.038942850571428565265 0.037532568857142858954 0.036997780071428572335 0.036462991285714285716 0.036001865357142857904 0.035540739428571430092 0.03518911371428571494 0.035010848785714289433 0.034020881285714288378 0.033991369928571428527 0.033961858571428568676 0.033293193333333331863 0.033247546999999995354 0.033648067714285717633 0.033619299500000004999 0.033590531285714285425 0.033461085714285708492 0.033740556499999997675 0.034223088999999998205 0.034540570499999992404 0.034858051999999993542 0.035357240428571433399 0.036832566928571418285 0.039406651285714286437 0.040846732928571431731 0.042286814571428577025 0.04360568007142857222 0.044924545571428567414 0.046075105142857133989 0.047513929000000003355 0.046687483230769225018 0.047611580186813190485
-9999 0.033526784000000003916 0.029458359272727274725 0.030526642636363635064 0.031594925999999995403 0.036201613692307697823 0.039602801714285713885 0.041029726928571430555 0.042456652142857140286 0.041316957142857144158 0.043950049285714290481 0.041946939428571423936 0.041160118983516486013 0.040373298538461541152 0.039428684435897434768 0.038484070333333335323 0.037135514384615382621 0.036634746999999995287 0.036133979615384614892 0.035682531450549448415 0.035231083285714281939 0.035102250571428572634 0.034869304916666669925 0.033918552428571432933 0.03376159042857142939 0.033604628428571425847 0.032917256142857141687 0.032894614071428573965 0.032992943285714289303 0.033049165142857141186 0.03310538699999999307 0.033430613857142861545 0.033866866642857144931 0.034222843428571424196 0.034606332928571424679 0.034989822428571425161 0.035170572857142853862 0.036651856333333329707 0.039364059428571428201 0.040703924678571430651 0.042043789928571433101 0.043248923464285715657 0.044454056999999998212 0.045664444666666664796 0.047165044571428574316 0.047037484923076924859 0.048022384115384619818
0.032880694000000001975 0.02276210085714285708 0.027309004214285718948 0.030018975178571431772 0.032728946142857144597 0.035706031857142862818 0.042163725142857141903 0.042761997642857138557 0.04336027014285714215 0.041702028833333328051 0.044160156499999998758 0.041519751153846144731 0.040700622969780213267 0.039881494785714281803 0.038968500607142853021 0.038055506428571424238 0.037088004769230770163 0.036664214307692309658 0.036240423846153849152 0.035751776839743593106 0.035263129833333330121 0.03499102933333333304 0.034616248642857144757 0.033663889500000002131 0.03345410516666666445 0.033244320833333333709 0.032969959142857142853 0.032595424166666671362 0.032514028999999999847 0.032505303285714284844 0.032496577571428576781 0.033396789333333336269 0.033843754833333336562 0.033902738142857144488 0.034375644488095241647 0.034848550833333331866 0.034778897166666662699 0.036669096928571419391 0.039510201833333334631 0.040765673833333335163 0.042021145833333335695 0.043124172773809525683 0.04422719971428571567 0.045377010999999987939 0.047023550333333330453 0.047488266071428565651 0.048573040689560434413
0.027164545249999998144 0.024065362571428570992 0.031175161142857142627 0.03383805657142856943 0.036500951999999996234 0.038818610846153851768 0.0442514698571428583 0.045415310285714285965 0.04657915071428571363 0.04291337342857142606 0.043432615714285707775 0.04071564528571428726 0.03983636825000000381 0.038957091214285713421 0.038315632678571423519 0.037674174142857140557 0.037045063428571431419 0.036469235464285709725 0.035893407499999988031 0.035487501107142854773 0.035081594714285714576 0.034733286714285709074 0.034211845714285711584 0.033616874428571426325 0.033458328071428566908 0.033299781714285714429 0.033360613142857140079 0.032642959928571434192 0.032434631285714284055 0.032523967476190476789 0.032613303666666669522 0.033021876142857141401 0.033483871357142855341 0.033568583428571434346 0.034001895571428575327 0.034435207714285709368 0.034730211142857139728 0.036909280428571430988 0.039894933000000007417 0.041205424785714289682 0.042515916571428565007 0.043633937071428569032 0.044751957571428566118 0.045955801000000004453 0.047132591142857137301 0.048444456500000003529 0.049584409642857145417
0.018303753249999998864 0.023295825166666662281 0.040168669357142861021 0.043020013535714288211 0.04587135771428572234 0.04693368066666667171 0.046863151857142855417 0.048316030011904757824 0.049768908166666660231 0.044579712428571435789 0.044827723857142856567 0.041661268538461533606 0.040461751923076924586 0.039262235307692308628 0.038581315796703291587 0.037900396285714281486 0.037187464142857139249 0.036587033321428569232 0.035986602500000006155 0.035548969821428577642 0.035111337142857142191 0.034645944285714283528 0.0339586900714285711 0.033937975714285716078 0.033890564642857140543 0.033843153571428571946 0.033703474666666670412 0.032874098142857140215 0.032784798285714282506 0.032851780976190472772 0.032918763666666663037 0.033137796142857139925 0.033413851571428572484 0.033897212000000002952 0.03413172750000000033 0.034366243000000004648 0.035286838142857143708 0.037764165214285709549 0.040667273428571425187 0.042003001499999997881 0.043338729571428577514 0.04445943292857143514 0.045580136285714285826 0.04694591314285714162 0.047934426857142851952 0.049939921153846156265 0.050977434505494509387
