shallow_reservoirs_case/rasters/diamond_comp.asc
NCOLS 60
NROWS 40
XLLCORNER 0
YLLCORNER -0.000391944
CELLSIZE 0.1
NODATA_VALUE -9999
-9999 -9999 -9999 -9999 -9999 -9999 -9999 -9999 -9999 -9999 -9999 -9999 -9999 -9999 -9999 -9999 -9999 -9999 -9999 -9999 -9999 -9999 -9999 -9999 -9999 -9999 -9999 -9999 0.98322 0.989111 0.99507 0.99571 -9999 -9999 -9999 -9999 -9999 -9999 -9999 -9999 -9999 -9999 -9999 -9999 -9999 -9999 -9999 -9999 -9999 -9999 -9999 -9999 -9999 -9999 -9999 -9999 -9999 -9999 -9999 -9999
-9999 -9999 -9999 -9999 -9999 -9999 -9999 -9999 -9999 -9999 -9999 -9999 -9999 -9999 -9999 -9999 -9999 -9999 -9999 -9999 -9999 -9999 -9999 -9999 -9999 -9999 -9999 0.98555 0.975021 0.969572 0.964195 0.988461 0.979077 -9999 -9999 -9999 -9999 -9999 -9999 -9999 -9999 -9999 -9999 -9999 -9999 -9999 -9999 -9999 -9999 -9999 -9999 -9999 -9999 -9999 -9999 -9999 -9999 -9999 -9999 -9999
-9999 -9999 -9999 -9999 -9999 -9999 -9999 -9999 -9999 -9999 -9999 -9999 -9999 -9999 -9999 -9999 -9999 -9999 -9999 -9999 -9999 -9999 -9999 -9999 -9999 0.98974 0.971084 0.957101 0.947485 0.942332 0.9372 0.99136 0.966493 0.968122 0.970124 -9999 -9999 -9999 -9999 -9999 -9999 -9999 -9999 -9999 -9999 -9999 -9999 -9999 -9999 -9999 -9999 -9999 -9999 -9999 -9999 -9999 -9999 -9999 -9999 -9999
-9999 -9999 -9999 -9999 -9999 -9999 -9999 -9999 -9999 -9999 -9999 -9999 -9999 -9999 -9999 -9999 -9999 -9999 -9999 -9999 -9999 -9999 -9999 0.966583 0.951826 0.937322 0.917689 0.91926 0.928919 0.922249 0.915612 0.945501 0.947994 0.942041 0.956571 0.971788 0.961049 -9999 -9999 -9999 -9999 -9999 -9999 -9999 -9999 -9999 -9999 -9999 -9999 -9999 -9999 -9999 -9999 -9999 -9999 -9999 -9999 -9999 -9999 -9999
-9999 -9999 -9999 -9999 -9999 -9999 -9999 -9999 -9999 -9999 -9999 -9999 -9999 -9999 -9999 -9999 -9999 -9999 -9999 -9999 -9999 -9999 0.943464 0.932799 0.921484 0.910114 0.902005 0.899695 0.898056 0.895583 0.893103 0.929851 0.925651 0.93295 0.94027 0.947738 0.940481 0.961256 -9999 -9999 -9999 -9999 -9999 -9999 -9999 -9999 -9999 -9999 -9999 -9999 -9999 -9999 -9999 -9999 -9999 -9999 -9999 -9999 -9999 -9999
-9999 -9999 -9999 -9999 -9999 -9999 -9999 -9999 -9999 -9999 -9999 -9999 -9999 -9999 -9999 -9999 -9999 -9999 -9999 -9999 0.929585 0.919375 0.926474 0.899218 0.896889 0.894497 0.881946 0.888559 0.889602 0.881845 0.874087 0.875013 0.898594 0.910419 0.908062 0.905723 0.922098 0.927847 0.852999 0.975328 -9999 -9999 -9999 -9999 -9999 -9999 -9999 -9999 -9999 -9999 -9999 -9999 -9999 -9999 -9999 -9999 -9999 -9999 -9999 -9999
-9999 -9999 -9999 -9999 -9999 -9999 -9999 -9999 -9999 -9999 -9999 -9999 -9999 -9999 -9999 -9999 -9999 -9999 0.916124 0.90221 0.888483 0.904321 0.896399 0.873627 0.872631 0.871597 0.86097 0.86586 0.864921 0.862023 0.859087 0.858544 0.879809 0.881728 0.888742 0.895781 0.913861 0.919957 0.876054 0.994371 0.838481 -9999 -9999 -9999 -9999 -9999 -9999 -9999 -9999 -9999 -9999 -9999 -9999 -9999 -9999 -9999 -9999 -9999 -9999 -9999
-9999 -9999 -9999 -9999 -9999 -9999 -9999 -9999 -9999 -9999 -9999 -9999 -9999 -9999 -9999 -9999 -9999 0.9072 0.90568 0.903434 0.90111 0.887357 0.877131 0.879747 0.873944 0.867971 0.871506 0.854726 0.854318 0.852091 0.849828 0.842345 0.844076 0.86946 0.877823 0.886096 0.887536 0.890709 0.909699 0.985004 0.929671 0.970778 0.990404 -9999 -9999 -9999 -9999 -9999 -9999 -9999 -9999 -9999 -9999 -9999 -9999 -9999 -9999 -9999 -9999 -9999
-9999 -9999 -9999 -9999 -9999 -9999 -9999 -9999 -9999 -9999 -9999 -9999 -9999 -9999 -9999 0.905559 0.898421 0.905776 0.913581 0.902721 0.891477 0.87932 0.866901 0.846207 0.840003 0.833576 0.836362 0.832586 0.844217 0.847481 0.850843 0.833988 0.842557 0.85502 0.863992 0.872791 0.875382 0.885838 0.892605 0.916916 0.943129 0.95238 0.96154 0.968837 0.923394 -9999 -9999 -9999 -9999 -9999 -9999 -9999 -9999 -9999 -9999 -9999 -9999 -9999 -9999 -9999
-9999 -9999 -9999 -9999 -9999 -9999 -9999 -9999 -9999 -9999 -9999 -9999 -9999 0.90393 0.90653 0.909138 0.884204 0.873527 0.86245 0.868566 0.875117 0.84702 0.857381 0.835376 0.834923 0.834448 0.819619 0.83377 0.838569 0.846886 0.855558 0.836946 0.839165 0.845996 0.856462 0.866569 0.86261 0.875132 0.882193 0.899313 0.917018 0.927855 0.938807 0.961875 0.933936 0.935442 -9999 -9999 -9999 -9999 -9999 -9999 -9999 -9999 -9999 -9999 -9999 -9999 -9999 -9999
-9999 -9999 -9999 -9999 -9999 -9999 -9999 -9999 -9999 -9999 -9999 -9999 0.888652 0.894034 0.90304 0.912463 0.895671 0.88509 0.874078 0.86283 0.851096 0.853463 0.836763 0.828177 0.828795 0.829445 0.820425 0.829248 0.843898 0.844564 0.845245 0.831233 0.842145 0.851829 0.849865 0.848027 0.867416 0.875871 0.876488 0.88927 0.902039 0.916259 0.93085 0.938582 0.925401 0.948151 0.966509 0.985205 -9999 -9999 -9999 -9999 -9999 -9999 -9999 -9999 -9999 -9999 -9999 -9999
-9999 -9999 -9999 -9999 -9999 -9999 -9999 -9999 -9999 -9999 0.868132 0.87385 0.884902 0.896607 0.880149 0.86362 0.82657 0.837882 0.850313 0.852279 0.854377 0.851193 0.827782 0.828644 0.840728 0.853689 0.826855 0.829617 0.84026 0.843621 0.847059 0.845203 0.834648 0.858694 0.851686 0.845135 0.862196 0.87574 0.873531 0.878806 0.883908 0.897 0.910254 0.925335 0.920932 0.93752 0.95902 0.980848 0.984792 0.988695 -9999 -9999 -9999 -9999 -9999 -9999 -9999 -9999 -9999 -9999
-9999 -9999 -9999 -9999 -9999 -9999 -9999 -9999 -9999 0.853652 0.845367 0.854294 0.860497 0.86712 0.861986 0.856584 0.855703 0.854073 0.852352 0.853032 0.853741 0.854416 0.831291 0.834178 0.837909 0.841772 0.840095 0.839574 0.843639 0.847162 0.850767 0.826255 0.834445 0.859944 0.85024 0.841206 0.855179 0.874922 0.875506 0.881184 0.886626 0.891854 0.896969 0.917196 0.917825 0.924313 0.946471 0.969008 0.974219 0.979358 0.970542 -9999 -9999 -9999 -9999 -9999 -9999 -9999 -9999 -9999
-9999 -9999 -9999 -9999 -9999 -9999 -9999 0.833453 0.889022 0.846181 0.808109 0.844945 0.852316 0.860021 0.854024 0.847569 0.858575 0.86025 0.862022 0.859082 0.856068 0.861098 0.84764 0.84103 0.844078 0.84721 0.846727 0.854944 0.844891 0.851907 0.859118 0.848268 0.839316 0.865788 0.862916 0.860179 0.867043 0.86267 0.876863 0.879514 0.882027 0.890152 0.898014 0.908025 0.914308 0.913927 0.9299 0.945921 0.948267 0.950559 0.962819 0.995232 0.971713 -9999 -9999 -9999 -9999 -9999 -9999 -9999
-9999 -9999 -9999 -9999 -9999 0.813254 0.815004 0.812918 0.810866 0.69735 0.799602 0.846993 0.846565 0.846133 0.866437 0.889563 0.87944 0.870709 0.861826 0.862413 0.863017 0.871054 0.852512 0.854523 0.852354 0.850156 0.840291 0.851138 0.858506 0.855971 0.853428 0.843448 0.850037 0.865797 0.862378 0.8591 0.874177 0.877352 0.882458 0.885993 0.889331 0.896159 0.902661 0.899515 0.906932 0.900644 0.912087 0.923514 0.928402 0.933206 0.963991 0.992401 0.978171 0.988922 0.999976 -9999 -9999 -9999 -9999 -9999
-9999 -9999 -9999 -9999 0.727652 0.803432 0.728233 0.746665 0.765186 0.856323 0.968055 0.926592 0.890441 0.855193 0.86165 0.868604 0.875613 0.875104 0.874578 0.865893 0.857134 0.856283 0.852219 0.849222 0.858048 0.867126 0.842568 0.843218 0.842243 0.850351 0.858663 0.849367 0.85863 0.880445 0.873724 0.867246 0.871155 0.871549 0.866832 0.874855 0.882465 0.885261 0.887898 0.90127 0.905206 0.886614 0.904902 0.923297 0.928482 0.933637 0.993543 0.99828 0.990047 0.993715 0.997458 0.995619 -9999 -9999 -9999 -9999
-9999 -9999 0.644771 0.634322 0.625722 0.754706 0.909944 0.903531 0.897604 0.839207 0.832741 0.870787 0.874707 0.87888 0.880491 0.882201 0.868522 0.868347 0.868167 0.863058 0.85788 0.864294 0.85841 0.869147 0.866811 0.864484 0.846437 0.844765 0.847254 0.848054 0.848858 0.861131 0.865142 0.866407 0.87051 0.874575 0.871481 0.866649 0.886966 0.891433 0.895636 0.895788 0.895931 0.90091 0.898912 0.93375 0.93487 0.93595 0.964195 0.993573 0.98893 0.980665 0.97232 0.986293 0.999412 0.985595 0.994813 0.99567 -9999 -9999
-9999 0.898039 0.707515 0.710172 0.712667 0.873137 0.993619 0.990373 0.987364 0.978498 0.99242 0.900701 0.895962 0.891092 0.891302 0.891523 0.882563 0.881948 0.881317 0.874878 0.868372 0.862161 0.86097 0.860253 0.856272 0.852291 0.859779 0.849676 0.83982 0.846123 0.852499 0.863521 0.871574 0.861726 0.863616 0.865473 0.860818 0.859028 0.891742 0.896703 0.901398 0.89968 0.898062 0.901272 0.930015 0.972158 0.97928 0.986215 0.998567 0.983543 0.94495 0.944402 0.943843 0.950677 0.957717 0.956658 0.954624 0.952486 0.859819 -9999
0.673077 0.571125 0.899756 0.85898 0.824958 0.953978 0.905356 0.954813 0.991691 0.983166 0.895138 0.902603 0.875955 0.849834 0.8478 0.845678 0.886294 0.875362 0.864451 0.871041 0.87792 0.849985 0.857748 0.870618 0.863332 0.856077 0.874204 0.844806 0.855632 0.847438 0.839395 0.849071 0.851594 0.853666 0.855318 0.856932 0.855219 0.874561 0.884557 0.891053 0.897249 0.901326 0.905235 0.926062 0.940471 0.983485 0.996988 0.989851 0.972861 0.956417 0.94305 0.931506 0.919713 0.930278 0.941308 0.981504 0.928129 0.873704 0.790759 0.68562
0.842312 0.421471 0.485735 0.696595 0.876689 0.659874 0.986498 0.940526 0.871021 0.984897 0.856418 0.852046 0.849519 0.846893 0.867992 0.890943 0.882025 0.872023 0.861934 0.860303 0.85864 0.853098 0.855296 0.852602 0.85948 0.866537 0.874623 0.860643 0.869894 0.881579 0.893515 0.846715 0.855427 0.867085 0.859254 0.851754 0.877659 0.890914 0.903769 0.909899 0.915727 0.931212 0.946416 0.966038 0.967531 0.981979 0.968046 0.95474 0.940655 0.927019 0.960188 0.959342 0.958482 0.932984 0.906337 0.973722 0.924867 0.829444 0.785185 0.722078
0.892866 0.407798 0.476982 0.499767 0.594831 0.649853 0.691984 0.849565 0.997946 0.964564 0.993019 0.961983 0.941813 0.921316 0.919686 0.918003 0.897628 0.886958 0.876195 0.872367 0.868478 0.856967 0.845946 0.873404 0.880274 0.887274 0.871642 0.861868 0.87593 0.874937 0.873949 0.872047 0.864684 0.888137 0.874905 0.862235 0.885333 0.911549 0.909492 0.917597 0.925335 0.940443 0.955272 0.969385 0.983991 0.973477 0.953234 0.933798 0.935022 0.936226 0.965783 0.975005 0.984461 0.945696 0.906104 0.951707 0.935131 0.920132 0.83146 0.706115
0.989378 0.459449 0.679493 0.642371 0.611628 0.626745 0.635797 0.788456 0.945951 0.782778 0.913465 0.984128 0.972617 0.96036 0.955444 0.9504 0.902833 0.895322 0.887627 0.888432 0.889251 0.87057 0.858994 0.887962 0.879042 0.870236 0.854493 0.869318 0.868487 0.861831 0.855244 0.852002 0.881438 0.903525 0.893386 0.883564 0.89042 0.919925 0.933889 0.936816 0.939593 0.957393 0.974934 0.98819 0.985856 0.941912 0.931184 0.920714 0.926284 0.931857 0.99209 0.979298 0.966223 0.966912 0.967602 0.963154 0.982148 0.999288 0.964307 0.924
-9999 0.852138 0.800288 0.81424 0.82595 0.906591 0.866725 0.868242 0.869858 0.873322 0.968088 0.999177 0.997626 0.99592 0.985981 0.975779 0.927448 0.918273 0.908818 0.90425 0.899677 0.901402 0.870175 0.887124 0.883746 0.880344 0.852778 0.8673 0.875559 0.878764 0.88202 0.886709 0.899246 0.910859 0.905138 0.899519 0.919536 0.932185 0.913119 0.93302 0.952892 0.976816 0.99952 0.998668 0.962403 0.938839 0.927833 0.916891 0.929643 0.942627 0.956641 0.969602 0.982744 0.960031 0.937493 0.973513 0.997522 0.981231 0.996272 -9999
-9999 -9999 0.810572 0.838193 0.862983 0.898005 0.918782 0.929036 0.939972 0.94949 0.966756 0.940938 0.95834 0.977792 0.998551 0.979855 0.963855 0.949515 0.934721 0.924054 0.913387 0.910616 0.8966 0.879113 0.883729 0.888461 0.89525 0.874075 0.878877 0.877647 0.876404 0.902139 0.917788 0.916604 0.918932 0.921255 0.917342 0.94126 0.931592 0.96347 0.995783 0.982273 0.961648 0.965244 0.938975 0.908615 0.915889 0.923189 0.931364 0.939731 0.975434 0.998362 0.978543 0.977993 0.936515 0.976362 0.980073 0.942904 -9999 -9999
-9999 -9999 -9999 -9999 0.839029 0.847208 0.842565 0.879744 0.919564 0.989275 0.882836 0.9986 0.98439 0.968691 0.975156 0.982047 0.986236 0.97633 0.965892 0.955575 0.945113 0.944223 0.923154 0.8867 0.893135 0.899712 0.911819 0.914104 0.906383 0.90956 0.912793 0.904926 0.924069 0.931553 0.926123 0.920788 0.924722 0.92808 0.94717 0.985904 0.975289 0.950789 0.92776 0.944683 0.911474 0.916922 0.939722 0.962888 0.947958 0.932978 0.949739 0.963964 0.978746 0.996555 0.986737 0.966706 -9999 -9999 -9999 -9999
-9999 -9999 -9999 -9999 -9999 0.839807 0.784188 0.807141 0.831576 0.876499 0.892405 0.944691 0.96331 0.983351 0.99785 0.978207 0.978171 0.99827 0.973366 0.963231 0.952899 0.942598 0.959439 0.920408 0.919679 0.918946 0.914615 0.925866 0.919485 0.923987 0.928588 0.926466 0.931113 0.940488 0.934357 0.928307 0.919915 0.905635 0.975296 0.986681 0.95054 0.926689 0.904162 0.922223 0.89727 0.948665 0.94884 0.949018 0.93465 0.920669 0.969493 0.983107 0.997225 0.950394 0.905507 -9999 -9999 -9999 -9999 -9999
-9999 -9999 -9999 -9999 -9999 -9999 -9999 0.843929 0.820322 0.675234 0.860011 0.948963 0.957456 0.96666 0.986372 0.992824 0.961719 0.978365 0.996872 0.98582 0.968264 0.956181 0.973219 0.952459 0.948531 0.94459 0.942081 0.939011 0.933212 0.929677 0.926113 0.921993 0.939373 0.957521 0.958715 0.959908 0.930901 0.914681 0.984288 0.975394 0.937393 0.941126 0.944744 0.929737 0.918805 0.949035 0.961055 0.972965 0.996499 0.981084 0.989101 0.986748 0.984356 -9999 -9999 -9999 -9999 -9999 -9999 -9999
-9999 -9999 -9999 -9999 -9999 -9999 -9999 -9999 -9999 0.848286 0.895644 0.875329 0.924742 0.979605 0.996339 0.986224 0.999731 0.988629 0.975897 0.987342 0.999564 0.957063 0.970637 0.960488 0.953711 0.946899 0.953191 0.939729 0.945557 0.942442 0.939289 0.941844 0.937591 0.956249 0.950532 0.944924 0.929263 0.980657 0.932945 0.929482 0.92614 0.949054 0.972357 0.959418 0.930997 0.961775 0.998109 0.96709 0.948922 0.932188 0.911374 -9999 -9999 -9999 -9999 -9999 -9999 -9999 -9999 -9999
-9999 -9999 -9999 -9999 -9999 -9999 -9999 -9999 -9999 -9999 0.867082 0.852899 0.8668 0.881467 0.921325 0.964702 0.988064 0.983684 0.979073 0.993222 0.991644 0.994719 0.967502 0.97163 0.967727 0.963761 0.959898 0.952798 0.937724 0.937385 0.937041 0.948575 0.957176 0.951278 0.958036 0.964879 0.980805 0.957574 0.916344 0.929071 0.941947 0.943909 0.945921 0.983274 0.960747 0.968624 0.993828 0.981123 0.954561 0.930929 -9999 -9999 -9999 -9999 -9999 -9999 -9999 -9999 -9999 -9999
-9999 -9999 -9999 -9999 -9999 -9999 -9999 -9999 -9999 -9999 -9999 -9999 0.872227 0.837378 0.85879 0.881577 0.937957 0.959247 0.981385 0.993496 0.993471 0.994765 0.991029 0.984645 0.985422 0.986213 0.989155 0.966133 0.945376 0.944059 0.942724 0.960941 0.95923 0.9499 0.95694 0.964062 0.989845 0.938506 0.951546 0.961689 0.972046 0.969539 0.967029 0.991683 0.961696 0.985186 0.995605 0.993773 -9999 -9999 -9999 -9999 -9999 -9999 -9999 -9999 -9999 -9999 -9999 -9999
-9999 -9999 -9999 -9999 -9999 -9999 -9999 -9999 -9999 -9999 -9999 -9999 -9999 0.8914 0.867921 0.843465 0.866741 0.904631 0.944885 0.976988 0.987747 0.972768 0.995766 0.997461 0.992316 0.987159 0.997032 0.970006 0.954361 0.952474 0.950557 0.95665 0.965355 0.962135 0.969806 0.977568 0.968073 0.983474 0.995106 0.996402 0.997698 0.981361 0.965908 0.994313 0.940787 0.959174 -9999 -9999 -9999 -9999 -9999 -9999 -9999 -9999 -9999 -9999 -9999 -9999 -9999 -9999
-9999 -9999 -9999 -9999 -9999 -9999 -9999 -9999 -9999 -9999 -9999 -9999 -9999 -9999 -9999 0.906565 0.911126 0.917567 0.924265 0.942794 0.964042 0.999917 0.995019 0.979317 0.977498 0.975659 0.993298 0.976603 0.986303 0.97774 0.969178 0.96862 0.964917 0.971981 0.979369 0.986999 0.981084 0.929905 0.969287 0.975128 0.980956 0.957619 0.935619 0.986934 0.948594 -9999 -9999 -9999 -9999 -9999 -9999 -9999 -9999 -9999 -9999 -9999 -9999 -9999 -9999 -9999
-9999 -9999 -9999 -9999 -9999 -9999 -9999 -9999 -9999 -9999 -9999 -9999 -9999 -9999 -9999 -9999 -9999 0.921908 0.937854 0.912227 0.883414 0.940354 0.986635 0.993928 0.991995 0.990062 0.995633 0.968843 0.991066 0.989766 0.988441 0.976649 0.978454 0.954811 0.953524 0.952165 0.934818 0.995023 0.96639 0.997086 0.972072 0.992296 0.958074 -9999 -9999 -9999 -9999 -9999 -9999 -9999 -9999 -9999 -9999 -9999 -9999 -9999 -9999 -9999 -9999 -9999
-9999 -9999 -9999 -9999 -9999 -9999 -9999 -9999 -9999 -9999 -9999 -9999 -9999 -9999 -9999 -9999 -9999 -9999 0.932733 0.891053 0.84549 0.856779 0.931141 0.999048 0.990835 0.98077 0.988583 0.968104 0.975474 0.978429 0.981469 0.97965 0.988753 0.916555 0.930691 0.945812 0.996025 0.998764 0.976564 0.962224 0.905372 -9999 -9999 -9999 -9999 -9999 -9999 -9999 -9999 -9999 -9999 -9999 -9999 -9999 -9999 -9999 -9999 -9999 -9999 -9999
-9999 -9999 -9999 -9999 -9999 -9999 -9999 -9999 -9999 -9999 -9999 -9999 -9999 -9999 -9999 -9999 -9999 -9999 -9999 -9999 0.93336 0.837635 0.841035 0.949961 0.93983 0.929963 0.983619 0.978843 0.953613 0.972034 0.991513 0.979565 0.946135 0.885266 0.888495 0.891669 0.896201 0.996776 0.981435 0.930457 -9999 -9999 -9999 -9999 -9999 -9999 -9999 -9999 -9999 -9999 -9999 -9999 -9999 -9999 -9999 -9999 -9999 -9999 -9999 -9999
-9999 -9999 -9999 -9999 -9999 -9999 -9999 -9999 -9999 -9999 -9999 -9999 -9999 -9999 -9999 -9999 -9999 -9999 -9999 -9999 -9999 -9999 0.934021 0.845476 0.880668 0.914166 0.930848 0.992875 0.945127 0.953185 0.961532 0.949324 0.903198 0.977985 0.940151 0.906596 0.904081 0.984648 -9999 -9999 -9999 -9999 -9999 -9999 -9999 -9999 -9999 -9999 -9999 -9999 -9999 -9999 -9999 -9999 -9999 -9999 -9999 -9999 -9999 -9999
-9999 -9999 -9999 -9999 -9999 -9999 -9999 -9999 -9999 -9999 -9999 -9999 -9999 -9999 -9999 -9999 -9999 -9999 -9999 -9999 -9999 -9999 -9999 0.843234 0.87164 0.898157 0.867951 0.928357 0.971633 0.944933 0.918577 0.887674 0.915228 0.996402 0.949157 0.907697 0.903706 -9999 -9999 -9999 -9999 -9999 -9999 -9999 -9999 -9999 -9999 -9999 -9999 -9999 -9999 -9999 -9999 -9999 -9999 -9999 -9999 -9999 -9999 -9999
-9999 -9999 -9999 -9999 -9999 -9999 -9999 -9999 -9999 -9999 -9999 -9999 -9999 -9999 -9999 -9999 -9999 -9999 -9999 -9999 -9999 -9999 -9999 -9999 -9999 0.876086 0.918583 0.84949 0.991877 0.945437 0.899862 0.885956 0.955073 0.998239 0.917242 -9999 -9999 -9999 -9999 -9999 -9999 -9999 -9999 -9999 -9999 -9999 -9999 -9999 -9999 -9999 -9999 -9999 -9999 -9999 -9999 -9999 -9999 -9999 -9999 -9999
-9999 -9999 -9999 -9999 -9999 -9999 -9999 -9999 -9999 -9999 -9999 -9999 -9999 -9999 -9999 -9999 -9999 -9999 -9999 -9999 -9999 -9999 -9999 -9999 -9999 -9999 -9999 0.908889 0.977325 0.968993 0.916011 0.921507 0.932343 -9999 -9999 -9999 -9999 -9999 -9999 -9999 -9999 -9999 -9999 -9999 -9999 -9999 -9999 -9999 -9999 -9999 -9999 -9999 -9999 -9999 -9999 -9999 -9999 -9999 -9999 -9999
-9999 -9999 -9999 -9999 -9999 -9999 -9999 -9999 -9999 -9999 -9999 -9999 -9999 -9999 -9999 -9999 -9999 -9999 -9999 -9999 -9999 -9999 -9999 -9999 -9999 -9999 -9999 -9999 0.985936 0.967719 0.921401 0.891282 -9999 -9999 -9999 -9999 -9999 -9999 -9999 -9999 -9999 -9999 -9999 -9999 -9999 -9999 -9999 -9999 -9999 -9999 -9999 -9999 -9999 -9999 -9999 -9999 -9999 -9999 -9999 -9999
