shallow_reservoirs_case/rasters/hexagon_comp.asc
NCOLS 60
NROWS 40
XLLCORNER 0
YLLCORNER 0
CELLSIZE 0.1
NODATA_VALUE -9999
-9999 -9999 -9999 -9999 -9999 -9999 -9999 -9999 -9999 -9999 -9999 -9999 -9999 -9999 -9999 -9999 0.850448 0.846657 0.8429 0.847534 0.852071 0.842105 0.829971 0.834783 0.853372 0.872404 0.86087 0.877761 0.85879 0.861272 0.863768 0.857349 0.846154 0.837079 0.845644 0.854406 0.84136 0.822378 0.826331 0.831461 0.83662 0.84233 0.848138 0.82964 0.904478 -9999 -9999 -9999 -9999 -9999 -9999 -9999 -9999 -9999 -9999 -9999 -9999 -9999 -9999 -9999
-9999 -9999 -9999 -9999 -9999 -9999 -9999 -9999 -9999 -9999 -9999 -9999 -9999 0.911894 0.886859 0.863881 0.857143 0.837838 0.819383 0.820885 0.82235 0.848214 0.82029 0.831884 0.834297 0.836695 0.841499 0.864234 0.853987 0.85249 0.851003 0.864432 0.856729 0.829545 0.81367 0.798148 0.800562 0.805755 0.831867 0.817449 0.803867 0.807314 0.810888 0.824859 0.831492 0.866873 -9999 -9999 -9999 -9999 -9999 -9999 -9999 -9999 -9999 -9999 -9999 -9999 -9999 -9999
-9999 -9999 -9999 -9999 -9999 -9999 -9999 -9999 -9999 -9999 -9999 -9999 0.899781 0.897638 0.887242 0.877215 0.837838 0.826667 0.815789 0.821797 0.827893 0.806579 0.804425 0.813411 0.830633 0.848214 0.83965 0.840876 0.816949 0.826173 0.83553 0.848127 0.83662 0.800847 0.797737 0.794618 0.825444 0.826667 0.825882 0.81913 0.812571 0.817707 0.823009 0.819597 0.832759 0.892351 0.916829 -9999 -9999 -9999 -9999 -9999 -9999 -9999 -9999 -9999 -9999 -9999 -9999 -9999
-9999 -9999 -9999 -9999 -9999 -9999 -9999 -9999 -9999 -9999 -9999 0.887755 0.88601 0.884384 0.869872 0.855828 0.824224 0.820588 0.816984 0.806992 0.797101 0.826347 0.825633 0.830357 0.826942 0.823587 0.803977 0.817021 0.823699 0.82698 0.830357 0.845133 0.829337 0.812866 0.807018 0.80117 0.80236 0.826667 0.825871 0.811037 0.796486 0.814486 0.832836 0.814655 0.806723 0.872576 0.904647 0.936345 -9999 -9999 -9999 -9999 -9999 -9999 -9999 -9999 -9999 -9999 -9999 -9999
-9999 -9999 -9999 -9999 -9999 -9999 -9999 -9999 -9999 -9999 -9999 0.900901 0.878119 0.857143 0.848946 0.840886 0.826152 0.824574 0.823009 0.831091 0.839394 0.822485 0.824224 0.813411 0.820588 0.827893 0.811046 0.800574 0.804035 0.811046 0.818182 0.836283 0.870091 0.80597 0.804769 0.803571 0.801187 0.812408 0.797654 0.790595 0.783505 0.792313 0.801187 0.799712 0.796089 0.838798 0.865117 0.89019 0.894291 -9999 -9999 -9999 -9999 -9999 -9999 -9999 -9999 -9999 -9999 -9999
-9999 -9999 -9999 -9999 -9999 -9999 -9999 -9999 -9999 -9999 0.879066 0.863057 0.857201 0.851533 0.848843 0.846166 0.835227 0.830277 0.825444 0.820588 0.815789 0.827893 0.808696 0.813411 0.818182 0.823009 0.799427 0.813411 0.845455 0.832836 0.820588 0.859091 0.874052 0.81512 0.820242 0.825457 0.810811 0.810811 0.801136 0.785281 0.769377 0.791415 0.813253 0.802145 0.777857 0.826909 0.847319 0.866407 0.885964 0.898268 -9999 -9999 -9999 -9999 -9999 -9999 -9999 -9999 -9999 -9999
-9999 -9999 -9999 -9999 -9999 -9999 -9999 -9999 -9999 0.882765 0.870833 0.881736 0.86107 0.840708 0.839071 0.837449 0.820513 0.821162 0.821797 0.826055 0.830357 0.799427 0.820588 0.804035 0.819076 0.834844 0.804094 0.814599 0.842262 0.856716 0.871257 0.864179 0.884793 0.88162 0.860082 0.83894 0.81571 0.821918 0.821465 0.828171 0.835236 0.814699 0.795796 0.803303 0.835913 0.853448 0.863014 0.871728 0.871302 0.870899 0.895238 -9999 -9999 -9999 -9999 -9999 -9999 -9999 -9999 -9999
-9999 -9999 -9999 -9999 -9999 -9999 -9999 -9999 0.901574 0.870668 0.865815 0.861199 0.849571 0.838213 0.848672 0.859213 0.826667 0.826055 0.825444 0.823009 0.820588 0.813411 0.802878 0.808696 0.832635 0.858204 0.834743 0.831595 0.846177 0.880832 0.916216 0.887874 0.876712 0.936223 0.901841 0.868085 0.850307 0.826953 0.857827 0.866883 0.876238 0.870921 0.865823 0.850459 0.87764 0.853448 0.876637 0.898013 0.896034 0.894167 0.89341 0.925397 -9999 -9999 -9999 -9999 -9999 -9999 -9999 -9999
-9999 -9999 -9999 -9999 -9999 -9999 -9999 -9999 0.87 0.859873 0.871875 0.865116 0.859122 0.853211 0.853211 0.853211 0.811046 0.824305 0.837758 0.843195 0.848665 0.817391 0.824926 0.818182 0.863777 0.914754 0.858461 0.912837 0.912226 0.914464 0.916667 0.921296 0.952381 0.947369 0.920245 0.893617 0.87538 0.824242 0.859649 0.889587 0.920382 0.919811 0.919255 0.908537 0.884956 0.865714 0.889796 0.911688 0.895199 0.879781 0.882591 0.918549 0.955556 -9999 -9999 -9999 -9999 -9999 -9999 -9999
-9999 -9999 -9999 -9999 -9999 -9999 -9999 0.882729 0.856209 0.878553 0.859756 0.852853 0.850811 0.848806 0.85562 0.862626 0.827485 0.842028 0.856721 0.853137 0.849558 0.823009 0.803571 0.827893 0.840841 0.854103 0.867692 0.896226 0.935275 0.945161 0.954984 0.942187 0.95625 0.932927 0.93457 0.936259 0.910494 0.866359 0.913271 0.937386 0.96124 0.9534 0.945783 0.923529 0.937313 0.896359 0.902858 0.908828 0.893249 0.878623 0.87131 0.899465 0.928058 -9999 -9999 -9999 -9999 -9999 -9999 -9999
-9999 -9999 -9999 -9999 -9999 -9999 0.877947 0.875327 0.883495 0.889117 0.86828 0.875886 0.873761 0.871642 0.863625 0.855703 0.85162 0.865129 0.878698 0.875739 0.872788 0.845414 0.862676 0.84375 0.858889 0.873894 0.897997 0.913953 0.920561 0.9375 0.954984 0.945141 0.976077 0.983491 0.947612 0.913142 0.905488 0.871622 0.894659 0.922907 0.950844 0.952531 0.954241 0.960526 0.961071 0.918588 0.921124 0.923463 0.897482 0.873349 0.871595 0.896854 0.92298 0.953069 -9999 -9999 -9999 -9999 -9999 -9999
-9999 -9999 -9999 -9999 -9999 0.88843 0.906772 0.892857 0.87963 0.893617 0.89645 0.891176 0.879298 0.86754 0.876134 0.884921 0.851003 0.874182 0.89808 0.9017 0.905325 0.879412 0.897081 0.907738 0.90999 0.912229 0.898551 0.914201 0.959248 0.942457 0.925926 0.944954 0.982998 0.9375 0.921248 0.905044 0.906344 0.896142 0.927237 0.962908 0.998527 0.989067 0.976945 0.965565 0.980609 0.929688 0.927409 0.925301 0.90999 0.895127 0.862302 0.875 0.887755 0.931579 0.978261 -9999 -9999 -9999 -9999 -9999
-9999 -9999 -9999 -9999 -9999 0.904494 0.909054 0.922239 0.935385 0.942943 0.917847 0.945559 0.923209 0.900901 0.892732 0.884571 0.89345 0.909211 0.92511 0.934792 0.944348 0.938047 0.928947 0.953254 0.944105 0.935244 0.922753 0.941261 0.975904 0.94948 0.923754 0.951466 0.998802 0.997885 0.965832 0.935345 0.939244 0.928448 0.952137 0.969944 0.987258 0.997116 0.981975 0.990338 0.980315 0.918919 0.91815 0.917431 0.903983 0.890983 0.881518 0.888807 0.89627 0.915377 0.935065 -9999 -9999 -9999 -9999 -9999
-9999 -9999 -9999 -9999 0.981982 0.959029 0.992229 0.992155 0.992084 0.990625 0.991643 0.96931 0.996859 0.962132 0.963958 0.965812 0.953324 0.967972 0.982808 0.978663 0.974576 0.958333 0.969101 0.997118 0.992888 0.988764 0.994398 0.991597 0.984171 0.975429 0.966759 0.94385 0.980769 0.975741 0.979757 0.983784 0.981183 0.942105 0.97807 0.995242 0.969925 0.998729 0.9675 0.984887 0.96577 0.917729 0.908569 0.9 0.895772 0.891595 0.886014 0.880932 0.875845 0.895266 0.915556 0.897959 -9999 -9999 -9999 -9999
-9999 -9999 -9999 0.959718 0.98827 0.963585 0.924119 0.934383 0.94402 0.918114 0.94431 0.912434 0.940298 0.97013 0.964099 0.958005 0.976253 0.972368 0.968504 0.964844 0.96124 0.940568 0.95478 0.935401 0.955479 0.975319 0.985 0.993573 0.996575 0.994048 0.984848 0.989796 0.98377 0.992647 0.974359 0.956761 0.959811 0.918033 0.948779 0.967413 0.985915 0.96729 0.948837 0.944573 0.901099 0.904762 0.89346 0.882716 0.875683 0.868708 0.867076 0.876107 0.885417 0.901872 0.918919 0.883312 0.776981 -9999 -9999 -9999
-9999 -9999 -9999 0.960404 0.889175 0.897129 0.938949 0.94003 0.941048 0.849257 0.96281 0.889918 0.900829 0.912357 0.876286 0.839624 0.884433 0.887216 0.890006 0.886135 0.882369 0.923119 0.948373 0.972789 0.966413 0.96009 0.987405 0.997403 0.998279 0.99744 0.993243 0.9725 0.968227 0.966377 0.969912 0.97351 0.962171 0.885998 0.897293 0.908351 0.919179 0.923259 0.927462 0.903766 0.901412 0.914704 0.90629 0.898083 0.888777 0.879546 0.899189 0.891089 0.882904 0.890201 0.897619 0.899873 0.866873 -9999 -9999 -9999
-9999 -9999 0.986256 0.989734 0.992908 0.961816 0.983402 0.97456 0.937956 0.978409 0.967857 0.941696 0.94856 0.955544 0.916066 0.875508 0.905431 0.921846 0.938447 0.935438 0.932458 0.902672 0.937864 0.933594 0.94202 0.950456 0.964775 0.965306 0.906207 0.926739 0.946429 0.973577 0.968719 0.98 0.94761 0.916345 0.903288 0.92161 0.799517 0.870947 0.953781 0.964097 0.974522 0.973461 0.892788 0.913947 0.903036 0.892338 0.896744 0.901259 0.88845 0.909651 0.93262 0.93426 0.935897 0.923858 0.926012 0.928571 -9999 -9999
-9999 0.980296 0.914467 0.97087 0.970443 0.934827 0.91201 0.863891 0.822951 0.871522 0.996448 0.982288 0.950473 0.919405 0.901515 0.882927 0.932007 0.96959 0.991681 0.974541 0.941704 0.951902 0.916624 0.964778 0.978782 0.992944 0.96054 0.959939 0.97405 0.962491 0.951646 0.981818 0.972608 0.974729 0.949955 0.925314 0.975949 0.97522 0.860104 0.908108 0.962341 0.909705 0.861011 0.928835 0.948024 0.992893 0.931729 0.875 0.93372 0.998646 0.990315 0.981178 0.971985 0.961934 0.952038 0.935013 0.974741 0.976632 0.908992 -9999
0.969925 0.812749 0.536723 0.551392 0.57072 0.835526 0.928367 0.898525 0.869835 0.752496 0.964974 0.904762 0.967072 0.966931 0.921552 0.874747 0.945131 0.968626 0.993464 0.957006 0.92236 0.894449 0.981102 0.936631 0.957292 0.97841 0.916933 0.960818 0.916155 0.987273 0.936893 0.920369 0.987826 0.952542 0.986178 0.920828 0.977778 0.990143 0.924051 0.948449 0.973296 0.967664 0.96146 0.959526 0.948077 0.950096 0.972727 0.997868 0.932528 0.865681 0.925553 0.981152 0.960168 0.967505 0.974843 0.981085 0.992361 0.962418 0.851387 0.637255
0.445 0.828242 0.835497 0.759259 0.654118 0.728682 0.933086 0.838393 0.750859 0.92356 0.833613 0.990932 0.979468 0.969225 0.97757 0.923006 1 0.972506 0.94373 0.966667 0.988024 0.967016 0.972635 0.964883 0.932542 0.902197 0.972603 0.965574 0.863487 0.973597 0.922137 0.87563 0.933865 0.972603 0.995836 0.962606 0.974955 0.949914 0.99514 0.972173 0.941379 0.990539 0.913894 0.933845 0.923611 0.99142 0.960813 0.909836 0.892761 0.876316 0.996139 0.989011 0.973196 0.976101 0.979021 0.988848 0.996857 0.980456 0.834302 0.538462
0.671548 0.993572 0.937791 0.68415 0.381089 0.454774 0.615505 0.798529 0.960499 0.916091 0.762178 0.872157 0.847933 0.825257 0.856326 0.888384 0.85439 0.912917 0.982583 0.888225 0.812158 0.99 0.988028 0.907513 0.931472 0.955401 0.84175 0.921007 0.892927 0.938335 0.983451 0.987878 0.88125 0.919416 0.960054 0.99406 0.999035 0.946927 0.905973 0.949332 0.996398 0.980492 0.957115 0.967726 0.936101 0.95541 0.986114 0.981373 0.975865 0.970187 0.943355 0.965479 0.98861 0.99537 0.97907 0.97561 0.974537 0.973262 0.827276 0.357542
0.948148 0.837234 0.982872 0.972819 0.933014 0.96 0.978244 0.805636 0.684641 0.712121 0.702303 0.721749 0.730582 0.739602 0.755691 0.771714 0.775213 0.789187 0.803701 0.809524 0.815486 0.925187 0.8625 0.760274 0.841911 0.941978 0.844592 0.905551 0.895369 0.884237 0.873701 0.970018 0.904217 0.829931 0.848587 0.868051 0.894981 0.946296 0.813322 0.863849 0.918539 0.931326 0.944234 0.979559 0.988336 0.998993 0.974209 0.951036 0.975842 0.997001 0.98452 0.982706 0.980925 0.981201 0.981481 0.93924 0.94994 0.962963 0.904252 0.581699
-9999 0.845238 0.905093 0.903454 0.901961 0.881316 0.725764 0.721033 0.716075 0.648897 0.734818 0.746566 0.749603 0.752627 0.692895 0.643497 0.741271 0.7625 0.785235 0.759024 0.734571 0.770562 0.782975 0.8119 0.823985 0.836257 0.782609 0.815888 0.785968 0.806655 0.827869 0.807065 0.861797 0.869109 0.855856 0.8432 0.835096 0.823171 0.809468 0.866618 0.928753 0.905542 0.883621 0.90799 0.956361 0.897761 0.90831 0.918743 0.930006 0.941584 0.940914 0.964692 0.989523 0.9683 0.947489 0.916803 0.923466 0.931394 0.976382 -9999
-9999 -9999 0.925257 0.937246 0.949153 0.881081 0.804568 0.790757 0.776623 0.743553 0.77561 0.77221 0.767314 0.762446 0.710389 0.666023 0.742979 0.737752 0.732558 0.743394 0.754585 0.737474 0.785419 0.724435 0.726727 0.728906 0.787269 0.821656 0.837391 0.785656 0.739535 0.74707 0.803774 0.785863 0.795652 0.805361 0.792216 0.820206 0.814718 0.82327 0.831737 0.864596 0.9 0.971366 0.92515 0.869223 0.892292 0.915591 0.919701 0.923848 0.941777 0.983979 0.973523 0.99157 0.955414 0.920049 0.902369 0.882302 -9999 -9999
-9999 -9999 -9999 0.937597 0.979472 0.825073 0.800189 0.8044 0.808696 0.795265 0.804408 0.817577 0.805888 0.794306 0.764114 0.736546 0.746667 0.749698 0.752714 0.771234 0.790816 0.734813 0.731651 0.794118 0.811344 0.828784 0.763514 0.765676 0.777778 0.803653 0.830986 0.722453 0.750275 0.789593 0.781811 0.774447 0.771488 0.788198 0.812227 0.797844 0.783813 0.806502 0.828512 0.890756 0.935146 0.890774 0.921122 0.951374 0.958111 0.964978 0.939645 0.985075 0.969626 0.98549 0.93932 0.919395 0.880309 -9999 -9999 -9999
-9999 -9999 -9999 0.972535 0.978659 0.807229 0.788856 0.79646 0.804154 0.818047 0.808023 0.851902 0.843456 0.835007 0.808997 0.784759 0.787049 0.788169 0.789267 0.786765 0.784269 0.773618 0.782101 0.794118 0.789723 0.785448 0.799937 0.800126 0.824051 0.842803 0.861461 0.813741 0.765549 0.807125 0.814702 0.822115 0.830357 0.827586 0.835267 0.827111 0.819113 0.840118 0.860588 0.896721 0.921141 0.900761 0.931633 0.962963 0.95465 0.946543 0.965517 0.998152 0.963686 0.981566 0.923858 0.967149 0.7431 -9999 -9999 -9999
-9999 -9999 -9999 -9999 0.990566 0.815089 0.814815 0.819521 0.824176 0.81213 0.830357 0.889362 0.883514 0.877761 0.871151 0.864491 0.825215 0.833047 0.840857 0.847135 0.853448 0.834801 0.824681 0.836066 0.856783 0.87851 0.84779 0.839004 0.860656 0.880593 0.9 0.850132 0.805263 0.848438 0.841245 0.834108 0.834545 0.883019 0.863882 0.864294 0.864706 0.867391 0.87 0.904286 0.945324 0.941736 0.952786 0.963542 0.963943 0.96434 0.959148 0.991015 0.977556 0.947751 0.871854 0.985011 -9999 -9999 -9999 -9999
-9999 -9999 -9999 -9999 -9999 0.801252 0.816092 0.816872 0.817629 0.822102 0.851064 0.881406 0.885162 0.888889 0.874317 0.859649 0.837209 0.842727 0.848253 0.838681 0.829286 0.855399 0.833575 0.881844 0.883621 0.885387 0.884615 0.880576 0.892651 0.891892 0.891152 0.885298 0.853557 0.885042 0.869342 0.85394 0.83996 0.883603 0.895553 0.894231 0.89295 0.896802 0.900575 0.911932 0.925312 0.947109 0.970249 0.992806 0.990499 0.988235 0.993781 0.987082 0.980456 0.936915 0.891892 -9999 -9999 -9999 -9999 -9999
-9999 -9999 -9999 -9999 -9999 0.827004 0.817308 0.819048 0.820755 0.836364 0.898148 0.897168 0.89037 0.883652 0.871001 0.858551 0.853043 0.853863 0.854676 0.849673 0.844575 0.83237 0.835994 0.879661 0.894421 0.909565 0.918367 0.902616 0.910526 0.902601 0.894857 0.884527 0.879191 0.866185 0.866282 0.866379 0.868966 0.918208 0.896685 0.914483 0.932231 0.934146 0.936 0.941339 0.946512 0.992228 0.991814 0.976886 0.980038 0.98314 0.998812 0.994507 0.987654 0.950171 0.913043 -9999 -9999 -9999 -9999 -9999
-9999 -9999 -9999 -9999 -9999 -9999 0.833333 0.836305 0.839228 0.86517 0.906849 0.876081 0.870229 0.864629 0.855292 0.846154 0.86087 0.85612 0.851485 0.842256 0.832853 0.840116 0.829268 0.897361 0.903445 0.909441 0.927326 0.893372 0.912699 0.892157 0.872093 0.866959 0.859237 0.852071 0.866173 0.880316 0.877551 0.984985 0.947318 0.951424 0.955524 0.97936 0.997183 0.984848 0.972973 1 0.981061 0.963415 0.966613 0.969745 0.964096 0.994013 0.949495 0.916435 -9999 -9999 -9999 -9999 -9999 -9999
-9999 -9999 -9999 -9999 -9999 -9999 -9999 0.843137 0.87291 0.903194 0.857143 0.887099 0.874544 0.862745 0.870808 0.878876 0.882779 0.883154 0.883523 0.876437 0.869186 0.859599 0.876274 0.884393 0.921713 0.960725 0.952941 0.934718 0.911504 0.89645 0.881306 0.864307 0.857567 0.876877 0.898246 0.919679 0.925816 0.991177 0.98436 0.969785 0.955524 0.972438 0.988858 0.984848 0.99723 0.963585 0.964461 0.965278 0.968648 0.971933 0.963183 0.979981 0.92 -9999 -9999 -9999 -9999 -9999 -9999 -9999
-9999 -9999 -9999 -9999 -9999 -9999 -9999 -9999 0.852941 0.920213 0.829582 0.863777 0.877938 0.891531 0.891806 0.892073 0.903134 0.887154 0.871287 0.872804 0.874302 0.912023 0.894356 0.921512 0.933723 0.946078 0.94186 0.927835 0.92993 0.929262 0.928571 0.921538 0.911854 0.939024 0.947742 0.956434 0.935294 0.986842 0.995141 0.996101 0.997067 0.998553 0.994302 0.995781 0.977778 0.951444 0.943182 0.935523 0.956669 0.978261 0.998588 0.955351 0.909091 -9999 -9999 -9999 -9999 -9999 -9999 -9999
-9999 -9999 -9999 -9999 -9999 -9999 -9999 -9999 0.892211 0.968421 0.862676 0.86875 0.886346 0.90313 0.909524 0.915706 0.938312 0.906789 0.875537 0.897768 0.919593 0.929979 0.947717 0.964286 0.966196 0.968101 0.960044 0.949632 0.932049 0.943333 0.95506 0.945407 0.934408 0.959459 0.971847 0.984234 0.984792 0.999636 0.99569 0.993212 0.982307 0.988285 0.994302 0.967156 0.965706 0.905 0.930161 0.954768 0.983945 0.98569 0.960562 0.961039 -9999 -9999 -9999 -9999 -9999 -9999 -9999 -9999
-9999 -9999 -9999 -9999 -9999 -9999 -9999 -9999 -9999 0.901099 0.920188 0.887461 0.883743 0.880378 0.906382 0.931774 0.962209 0.926546 0.89083 0.904523 0.917847 0.915254 0.93913 0.988131 0.991124 0.9941 0.982609 0.956395 0.988095 0.989552 0.967456 0.977444 0.954745 0.944928 0.965116 0.985423 0.997093 0.961538 0.982906 0.973647 0.964387 0.969676 0.97486 0.968792 0.926121 0.915025 0.932152 0.949029 0.961112 0.973412 0.987179 -9999 -9999 -9999 -9999 -9999 -9999 -9999 -9999 -9999
-9999 -9999 -9999 -9999 -9999 -9999 -9999 -9999 -9999 -9999 0.995719 0.927553 0.880046 0.841429 0.870365 0.898256 0.96861 0.951601 0.934718 0.930131 0.925714 0.952023 0.987611 0.993843 0.997364 0.999123 0.979943 0.973333 0.99115 0.998544 0.988604 0.947035 0.996219 0.998818 0.986956 0.97554 0.954774 0.978903 0.964025 0.971637 0.979237 0.968056 0.957096 0.936226 0.914588 0.93408 0.94143 0.948655 0.952095 0.959478 -9999 -9999 -9999 -9999 -9999 -9999 -9999 -9999 -9999 -9999
-9999 -9999 -9999 -9999 -9999 -9999 -9999 -9999 -9999 -9999 -9999 0.906615 0.88014 0.858506 0.882067 0.904055 0.942899 0.955555 0.968516 0.969607 0.970675 0.986919 0.984195 0.985251 0.985251 0.985251 0.954286 0.908046 0.922857 0.951009 0.979651 0.975714 0.970547 0.974359 0.960452 0.946779 0.977778 0.991477 0.983193 0.975829 0.968665 0.962938 0.957333 0.95201 0.926768 0.972856 0.982454 0.941576 0.945171 -9999 -9999 -9999 -9999 -9999 -9999 -9999 -9999 -9999 -9999 -9999
-9999 -9999 -9999 -9999 -9999 -9999 -9999 -9999 -9999 -9999 -9999 0.975 0.908447 0.855677 0.862803 0.869262 0.914798 0.950112 0.985426 0.976042 0.967049 0.988043 0.997826 0.965237 0.973122 0.980938 0.959278 0.879346 0.890493 0.879346 0.868475 0.95032 0.994334 0.980447 0.982722 0.985043 0.96928 0.913769 0.944751 0.984287 0.976558 0.972356 0.968254 0.952005 0.985621 0.897801 0.985751 0.931159 -9999 -9999 -9999 -9999 -9999 -9999 -9999 -9999 -9999 -9999 -9999 -9999
-9999 -9999 -9999 -9999 -9999 -9999 -9999 -9999 -9999 -9999 -9999 -9999 0.995442 0.84238 0.858839 0.873668 0.891892 0.924071 0.955588 0.950073 0.944606 0.936103 0.952023 0.923754 0.938484 0.953043 0.975872 0.884916 0.89662 0.895798 0.894986 0.903668 0.952355 0.942382 0.939021 0.935593 0.91257 0.884883 0.919726 0.953741 0.987895 0.986621 0.985366 0.993396 0.998663 0.898785 0.997996 -9999 -9999 -9999 -9999 -9999 -9999 -9999 -9999 -9999 -9999 -9999 -9999 -9999
-9999 -9999 -9999 -9999 -9999 -9999 -9999 -9999 -9999 -9999 -9999 -9999 -9999 0.983516 0.918844 0.848861 0.890577 0.928095 0.963821 0.947368 0.931034 0.933333 0.926194 0.892128 0.876136 0.86064 0.863636 0.88359 0.907721 0.923005 0.938202 0.935574 0.916324 0.906077 0.888889 0.871935 0.865753 0.909847 0.915285 0.917523 0.919728 0.917066 0.914365 0.922131 0.92973 0.898571 -9999 -9999 -9999 -9999 -9999 -9999 -9999 -9999 -9999 -9999 -9999 -9999 -9999 -9999
-9999 -9999 -9999 -9999 -9999 -9999 -9999 -9999 -9999 -9999 -9999 -9999 -9999 -9999 -9999 -9999 0.865399 0.921666 0.974967 0.958634 0.942408 0.897215 0.884774 0.880829 0.888303 0.896057 0.863874 0.883154 0.876175 0.898814 0.921342 0.892954 0.9 0.869684 0.868928 0.86817 0.872818 0.925457 0.909259 0.89957 0.889988 0.888055 0.886076 0.892214 0.913889 -9999 -9999 -9999 -9999 -9999 -9999 -9999 -9999 -9999 -9999 -9999 -9999 -9999 -9999 -9999
