examples/shallow_reservoirs_case/rasters/automated_sens_analysis_cellsize/diamond_simulation.asc
ncols        30
nrows        20
xllcorner    0.000000000000
yllcorner    -0.000391944000
cellsize     0.200000000000
NODATA_value  -9999
 -9999.0 -9999 -9999 -9999 -9999 -9999 -9999 -9999 -9999 -9999 -9999 -9999 -9999 0.054211946857142860601 0.053857281499999999641 0.052866518739130438642 0.051611336285714286276 -9999 -9999 -9999 -9999 -9999 -9999 -9999 -9999 -9999 -9999 -9999 -9999 -9999
 -9999 -9999 -9999 -9999 -9999 -9999 -9999 -9999 -9999 -9999 -9999 0.055578504500000000532 0.054833331833333331939 0.054670451026315791676 0.053939850076923076538 0.053238322423076925305 0.051833621184210525168 0.05037099683333332717 0.049974533500000001274 -9999 -9999 -9999 -9999 -9999 -9999 -9999 -9999 -9999 -9999 -9999
 -9999 -9999 -9999 -9999 -9999 -9999 -9999 -9999 -9999 -9999 0.056081886999999996934 0.054897072562499989179 0.052530969285714282369 0.051303446692307692889 0.051313505615384620573 0.051144687884615396001 0.051002593410256404083 0.050552003928571419278 0.04957662053125000412 0.042649972333333341368 -9999 -9999 -9999 -9999 -9999 -9999 -9999 -9999 -9999 -9999
 -9999 -9999 -9999 -9999 -9999 -9999 -9999 -9999 0.056062783499999997716 0.055073152499999993015 0.053810461400000002274 0.051346793951219507623 0.047498303846153840102 0.046804280195121950037 0.046916717714285703644 0.046341022074074075809 0.0472347904634146179 0.048161696846153838336 0.048612382439024381942 0.045413688384615381877 0.044560737900000001177 0.048777415499999997317 -9999 -9999 -9999 -9999 -9999 -9999 -9999 -9999
 -9999 -9999 -9999 -9999 -9999 -9999 0.056043679999999998498 0.056184727000000003749 0.054377559772727290799 0.051954494814814816683 0.048474595785714273688 0.045618894439024400278 0.042018997846153843811 0.042090775074999989269 0.042061827461538449369 0.041338031346153845946 0.042083755274999988527 0.044435909153846160635 0.045253113634146351074 0.047983303357142861878 0.047619996607142868472 0.048560650807692305742 0.048459045066666664447 -9999 -9999 -9999 -9999 -9999 -9999 -9999
 -9999 -9999 -9999 -9999 -9999 0.055926430999999998672 0.054786177478260859874 0.053251079846153855091 0.049340508259259258095 0.046102706888888893288 0.042434786153846153212 0.040606233400000010803 0.037731248785714287253 0.038130429307692288721 0.038496602714285718672 0.037824889629629626642 0.038182555051282054959 0.040032818785714283094 0.041366771250000017313 0.045642152461538458563 0.047289922615384623328 0.047730121714285700385 0.047990454076923073912 0.049451061062500009657 0.050423450999999994138 -9999 -9999 -9999 -9999 -9999
 -9999 -9999 -9999 -9999 0.052508711374999995913 0.052248347500000000276 0.050107569807692306507 0.046385695857142854315 0.042598199296296296312 0.040304135111111111245 0.038256432714285713848 0.036974401097560977147 0.035280653384615383306 0.035751846170731710339 0.036045307692307688996 0.035495662399999995673 0.035439837487804881633 0.03679652753846153479 0.038479748073170734479 0.042744746928571428213 0.045259792714285720927 0.047205752115384608247 0.047499886756097550733 0.049192728923076918524 0.050511144000000000875 0.051352277764705876739 0.052484637000000000651 -9999 -9999 -9999
 -9999 -9999 0.047947399100000002992 0.046889251083333333137 0.044378634107142843346 0.045783887025641019364 0.044164975714285716057 0.041195841571428575001 0.038901483777777780271 0.037498177592592586704 0.036182110192307687102 0.03525008239024390172 0.034051433153846157043 0.034166286600000005114 0.034629341846153842421 0.034170154615384626395 0.034043892975000003553 0.035175852461538467675 0.036873122414634140753 0.04047633884615385591 0.043328989076923077328 0.046592049535714288866 0.04732769746341463496 0.04870129788888887673 0.049829374384615390814 0.051249813259259272002 0.051371206615384620853 0.049751754900000007276 -9999 -9999
 -9999 0.029851235500000003475 0.037699061512820507269 0.039243477846153854149 0.041146031038461546026 0.043194327976190480256 0.040772719269230768557 0.03873110584615384322 0.0373413944814814866 0.036304578259259250028 0.035265796750000001636 0.034603989449999997263 0.033783243499999997261 0.03307732214634147988 0.033320505499999999999 0.033407701407407397465 0.033936642975609769557 0.034923937214285716291 0.036229322649999999573 0.039385355357142860788 0.042165302250000001594 0.045296483269230754243 0.047029435025000003445 0.048762746777777761509 0.04990343114285713394 0.052270559407407414521 0.051556248115384617492 0.049246288743589744508 0.04676995883333332632 -9999
 0.025750027519999999642 0.029242082678571434257 0.036320382292682917846 0.04320759750000000704 0.043710434555555552349 0.0419691262000000051 0.039419293000000001082 0.037864840285714289336 0.03706573888888888002 0.036060489444444447649 0.03500881250000000694 0.034168165341463406504 0.033274184384615386467 0.032811513375000003756 0.032471276384615381516 0.03287268207692307237 0.033679962700000010134 0.034625981461538460349 0.036143466926829272146 0.039717364769230781296 0.042287560846153843253 0.045077992321428561606 0.047686037951219513442 0.050210839925925926375 0.051851418928571424427 0.054127154884615384656 0.053127975571428585899 0.050375184243902443315 0.051437399607142851587 0.038109752760000004113
 0.021303538791666670055 0.044892757178571433829 0.052576109100000004148 0.05061905664285713119 0.04892924119230770974 0.044152182871794870556 0.039854113259259263402 0.03843339657142857968 0.037472797074074068457 0.03611637603703703181 0.035059510230769232175 0.034001152707317079671 0.034021371230769231753 0.033330604897435903156 0.032952086384615379699 0.033067747615384612825 0.03381552441025639788 0.034680917307692314677 0.037591321975609763573 0.041293912153846153157 0.043909702615384620106 0.046864996821428583917 0.050126388124999976537 0.052522537111111107511 0.052964049538461531463 0.054228191115384613563 0.052935959259259264542 0.050696492025000018666 0.055238931178571426539 0.042777750833333329228
 -9999 0.05678714308333333155 0.068170210256410249117 0.06453557884615385154 0.058647962115384602577 0.051043303142857147925 0.044151061961538472234 0.041979987076923075406 0.039536884000000001305 0.037368886703703696472 0.036251693142857144281 0.034625368574999995652 0.034744967928571436622 0.034143470292682928657 0.033898569571428574521 0.033771114407407418212 0.035453343365853651203 0.036742939785714287537 0.040491817199999988186 0.043944308500000008044 0.046135719928571412851 0.049671670192307698644 0.052819599300000005804 0.053682534666666663348 0.052593388857142854553 0.053167537999999993359 0.052122738538461534097 0.050669566307692308349 0.054382572833333336915 -9999
 -9999 -9999 0.071237378900000009052 0.072881244666666664123 0.065559128535714300545 0.058994132846153846117 0.051507003500000002327 0.048219271785714293288 0.044170777629629613681 0.040830081962962963549 0.038900881384615379477 0.036647948317073172908 0.036404220461538454312 0.036018330425000001649 0.035838267384615388189 0.035804148346153849558 0.038274174474999998752 0.039699469384615375389 0.043710321975609769951 0.046458049153846152357 0.049532582923076939885 0.052573430607142861148 0.052752856975609753454 0.051980840740740760775 0.052648523769230765046 0.052777397444444422436 0.050839529538461526725 0.052694518499999995487 -9999 -9999
 -9999 -9999 -9999 -9999 0.068736666624999998021 0.06679661302631581532 0.057311874461538452052 0.054207320214285710513 0.051314041814814796705 0.046560708148148145791 0.043125272821428549397 0.040884228219512194769 0.039209444538461542262 0.03908666434146341323 0.039077168000000002401 0.038733593639999994163 0.042018290658536572302 0.044140982384615383427 0.04638100753658536135 0.049891564071428570748 0.052460203500000010535 0.05205543557692307588 0.050202402268292672938 0.050460485076923085324 0.052464414642857150339 0.05252193417647058743 0.05118650000000000283 -9999 -9999 -9999
 -9999 -9999 -9999 -9999 -9999 0.065658449428571435957 0.063323255999999994437 0.059288749384615382909 0.056343773925925912105 0.053755848296296301903 0.048786220461538451487 0.04585244074999998698 0.043885634499999992553 0.043009029538461536479 0.04270955650000000936 0.042573029148148137935 0.046286051307692317736 0.048608836928571437508 0.0498632562999999987 0.051251557076923082157 0.050554141346153852465 0.049013608892857149502 0.04961041005128205561 0.048962160687499999001 0.052132000000000004725 -9999 -9999 -9999 -9999 -9999
 -9999 -9999 -9999 -9999 -9999 -9999 0.066187999999999996836 0.063547379000000001059 0.063410168727272731015 0.06087357496296297299 0.053075860607142859304 0.051338020512195110812 0.049869459230769234981 0.04823314357499999816 0.047121470461538458863 0.046968850884615373498 0.050296587750000010253 0.051550221230769230352 0.048734727512195132049 0.047293775714285724021 0.047685795535714274596 0.047644876423076923388 0.049729190999999998979 -9999 -9999 -9999 -9999 -9999 -9999 -9999
 -9999 -9999 -9999 -9999 -9999 -9999 -9999 -9999 0.062144041666666670343 0.065134046666666667313 0.057482182560000018301 0.054866458121951205973 0.054201992923076924846 0.052754881780487809795 0.051893161785714292389 0.0509074484444444475 0.050323924536585372402 0.046809304307692298219 0.045668215658536591428 0.046199737692307701886 0.048588358400000003501 0.047328857499999994751 -9999 -9999 -9999 -9999 -9999 -9999 -9999 -9999
 -9999 -9999 -9999 -9999 -9999 -9999 -9999 -9999 -9999 -9999 0.058100083333333343849 0.059098070562500000513 0.059912615214285709631 0.055007493179487186585 0.05161572115384615439 0.050038624038461529397 0.04518018874358975534 0.044311174785714280144 0.046222477312499996027 0.046127449999999993457 -9999 -9999 -9999 -9999 -9999 -9999 -9999 -9999 -9999 -9999
 -9999 -9999 -9999 -9999 -9999 -9999 -9999 -9999 -9999 -9999 -9999 0.059295500000000000984 0.06351893366666666596 0.057917425947368428307 0.049274439692307700489 0.045477811230769223105 0.043988399631578946336 0.044477148500000000808 0.046088999999999998025 -9999 -9999 -9999 -9999 -9999 -9999 -9999 -9999 -9999 -9999 -9999
 -9999 -9999 -9999 -9999 -9999 -9999 -9999 -9999 -9999 -9999 -9999 -9999 -9999 0.059381751285714282074 0.04889199980000000223 0.044837262391304345821 0.042621382999999998797 -9999 -9999 -9999 -9999 -9999 -9999 -9999 -9999 -9999 -9999 -9999 -9999 -9999
