shallow_reservoirs/rasters/hexagon_map_A_res0.1_sk.asc
ncols        60
nrows        40
xllcorner    0.000000000000
yllcorner    0.000000000000
cellsize     0.100000000000
NODATA_value  nan
[rows 19 to 37 of 40, columns 0 to 41 of 60]
0.019777777777777776069 0.045374999999999991729 0.054411764705882374737 0.042650326797385632038 0.030888888888888892809 0.037600000000000008415 0.050200000000000001565 0.04694999999999999174 0.043699999999999988853 0.067299999999999998712 0.055111111111111103777 0.067388888888888887063 0.07140497076023391565 0.075421052631578944236 0.071210526315789474117 0.067000000000000003997 0.072333333333333318937 0.068777777777777771018 0.065222222222222223098 0.06927777777777778534 0.073333333333333347581 0.074111111111111099836 0.071055555555555552361 0.064111111111111104832 0.064000000000000001332 0.063888888888888883955 0.07100000000000000755 0.065444444444444443976 0.058333333333333334259 0.065555555555555561353 0.07277777777777777457 0.057888888888888892503 0.069722222222222240973 0.064888888888888898721 0.062000000000000006495 0.059111111111111114269 0.062111111111111103056 0.064333333333333311832 0.06066666666666667429 0.062555555555555558689 0.064444444444444443088 0.058166666666666665131
0.032100000000000003531 0.050285714285714280813 0.048882352941176487882 0.032753676470588244385 0.016625000000000000888 0.020111111111111114325 0.029111111111111104971 0.040222222222222214771 0.051333333333333321102 0.051555555555555548919 0.077555555555555544256 0.070833333333333345361 0.073250000000000009548 0.075666666666666673735 0.07449999999999999678 0.073333333333333319826 0.0778333333333333377 0.071611111111111111494 0.065388888888888885287 0.07324999999999999567 0.081111111111111106053 0.066666666666666665741 0.065333333333333340476 0.059555555555555556024 0.061166666666666660856 0.062777777777777765689 0.078111111111111103389 0.058944444444444431264 0.05733333333333333337 0.060444444444444446474 0.063555555555555559577 0.06244444444444444825 0.066666666666666665741 0.065666666666666664853 0.061888888888888889117 0.058111111111111113381 0.057555555555555554248 0.059666666666666673402 0.062777777777777765689 0.06030555555555555669 0.057833333333333354631 0.056194444444444449638
0.042666666666666665242 0.05162499999999999728 0.042166666666666671737 0.042750000000000003275 0.043333333333333334814 0.04861111111111112576 0.047666666666666662744 0.057833333333333333814 0.068000000000000004885 0.066000000000000003109 0.067555555555555549252 0.071631578947368407251 0.070894736842105260388 0.070157894736842113526 0.070301169590643280971 0.070444444444444462294 0.071722222222222214993 0.070388888888888889728 0.069055555555555564462 0.068250000000000005107 0.067444444444444445752 0.059555555555555556024 0.064000000000000001332 0.073000000000000009326 0.066277777777777782675 0.059555555555555556024 0.066777777777777769241 0.063055555555555573011 0.064777777777777781343 0.06661111111111112093 0.068444444444444460518 0.055000000000000000278 0.059277777777777776458 0.064222222222222236088 0.062888888888888896944 0.061555555555555557801 0.059777777777777783841 0.054000000000000020206 0.064222222222222236088 0.061777777777777778678 0.059333333333333321269 0.05905555555555555558
nan 0.048000000000000000999 0.041294117647058828369 0.04331372549019607554 0.045333333333333322712 0.047277777777777786616 0.055777777777777780288 0.054499999999999999833 0.053222222222222219379 0.060444444444444446474 0.054888888888888889839 0.057894736842105276597 0.058030701754385974334 0.05816666666666667207 0.064250000000000001554 0.070333333333333331039 0.062055555555555558245 0.060000000000000011657 0.05794444444444446507 0.060027777777777784063 0.062111111111111103056 0.059777777777777783841 0.059388888888888900774 0.057888888888888878625 0.05744444444444443687 0.057000000000000002054 0.061333333333333336923 0.059444444444444438647 0.062555555555555544811 0.061777777777777764801 0.060999999999999991729 0.061333333333333336923 0.056277777777777787671 0.054222222222222220267 0.055500000000000000722 0.056777777777777781176 0.057777777777777782064 0.056944444444444464182 0.059555555555555556024 0.057166666666666671182 0.054777777777777786339 0.056388888888888891171
nan nan 0.0390625 0.03919791666666666563 0.039333333333333331261 0.041111111111111119099 0.04377777777777776963 0.043277777777777769186 0.042777777777777768742 0.046099999999999988209 0.04555555555555554359 0.048777777777777787949 0.048915204678362585178 0.049052631578947382407 0.053304093567251464858 0.057555555555555554248 0.052222222222222246246 0.052388888888888908435 0.052555555555555570624 0.051722222222222224985 0.050888888888888886286 0.053222222222222219379 0.05105555555555557623 0.054111111111111109828 0.055500000000000000722 0.056888888888888891615 0.054111111111111109828 0.052333333333333356685 0.051111111111111107164 0.054222222222222220267 0.05733333333333333337 0.056888888888888891615 0.053000000000000019318 0.053444444444444440256 0.053666666666666668073 0.053888888888888888951 0.055666666666666669849 0.053888888888888909767 0.055111111111111110716 0.055388888888888904161 0.055666666666666690666 0.053666666666666681951
nan nan 0.03869999999999999829 0.038294444444444443454 0.037888888888888888618 0.038111111111111116434 0.039111111111111110383 0.038722222222222220378 0.038333333333333330373 0.039888888888888890394 0.040333333333333332149 0.041722222222222229981 0.041913742690058486406 0.042105263157894742831 0.044108187134502922777 0.046111111111111102723 0.045833333333333343973 0.045944444444444454412 0.046055555555555564851 0.044805555555555556801 0.043555555555555541813 0.047555555555555545366 0.048444444444444456632 0.045333333333333322712 0.045055555555555550085 0.044777777777777777457 0.049333333333333326265 0.050500000000000017097 0.049999999999999995837 0.048666666666666663632 0.047333333333333324489 0.053444444444444440256 0.050500000000000017097 0.049111111111111105387 0.050499999999999996281 0.051888888888888887174 0.052999999999999998501 0.05272222222222224669 0.050888888888888886286 0.051527777777777783452 0.052166666666666687557 0.052972222222222233035
nan nan nan 0.037016666666666669938 0.036444444444444439035 0.036888888888888887729 0.037888888888888888618 0.03766666666666666774 0.037444444444444439923 0.037555555555555550362 0.038777777777777772128 0.038736842105263159797 0.038729532163742697026 0.038722222222222227317 0.040138888888888890616 0.041555555555555546976 0.041611111111111119543 0.042027777777777788892 0.042444444444444451303 0.042499999999999996114 0.042555555555555540925 0.043222222222222217436 0.042833333333333341308 0.043444444444444431375 0.044055555555555542258 0.044666666666666660079 0.044222222222222211385 0.044055555555555563074 0.043888888888888880069 0.043999999999999990508 0.044111111111111100946 0.044777777777777770518 0.045555555555555564407 0.045222222222222212273 0.045722222222222212717 0.046222222222222213162 0.046666666666666661856 0.048333333333333346193 0.047888888888888883621 0.048361111111111118599 0.048833333333333346638 0.049472222222222222987
nan nan nan nan 0.035333333333333334647 0.035578947368421064146 0.03599999999999999728 0.03619999999999999607 0.03639999999999999486 0.037555555555555550362 0.037333333333333329485 0.037105263157894738391 0.03741374269005848241 0.037722222222222226429 0.037583333333333329707 0.037444444444444439923 0.038777777777777779067 0.038833333333333330817 0.038888888888888889506 0.038777777777777772128 0.038666666666666661689 0.039111111111111110383 0.039166666666666669072 0.040666666666666663466 0.039722222222222214327 0.038777777777777772128 0.04022222222222222171 0.04016666666666666996 0.040666666666666663466 0.04122222222222221566 0.041777777777777774793 0.042111111111111106109 0.042222222222222230426 0.042666666666666658303 0.042833333333333327431 0.042999999999999996558 0.042777777777777775681 0.044166666666666673513 0.045222222222222212273 0.045277777777777777901 0.045333333333333343529 0.045999999999999999223
nan nan nan nan nan 0.035499999999999996836 0.035444444444444445086 0.03599999999999999728 0.036555555555555549474 0.037099999999999994094 0.036555555555555549474 0.037944444444444447306 0.038097222222222226762 0.038250000000000006217 0.038125000000000006106 0.037999999999999999056 0.038222222222222226873 0.038194444444444447528 0.038166666666666668184 0.038527777777777778845 0.038888888888888889506 0.037555555555555550362 0.038388888888888889062 0.03855555555555555125 0.038666666666666661689 0.038777777777777772128 0.038999999999999999944 0.038611111111111116878 0.03855555555555555125 0.039055555555555551694 0.039555555555555552139 0.039111111111111110383 0.039833333333333338644 0.040111111111111111271 0.040500000000000001277 0.040888888888888891282 0.041222222222222222598 0.041166666666666670849 0.041222222222222222598 0.04188888888888889217 0.042555555555555561742 0.042999999999999996558
nan nan nan nan nan 0.033857142857142856485 0.034666666666666672014 0.035000000000000003331 0.035333333333333334647 0.036666666666666659913 0.036000000000000004219 0.037277777777777777735 0.037500000000000005551 0.037722222222222226429 0.038027777777777778401 0.038333333333333330373 0.038333333333333337312 0.038472222222222227095 0.038611111111111116878 0.038250000000000006217 0.037888888888888888618 0.038444444444444440812 0.038277777777777778623 0.039333333333333331261 0.038833333333333330817 0.038333333333333330373 0.038111111111111109495 0.038222222222222226873 0.037999999999999999056 0.03844444444444444775 0.038888888888888889506 0.038777777777777772128 0.03844444444444444775 0.038444444444444440812 0.03855555555555555125 0.038666666666666661689 0.038666666666666661689 0.03844444444444444775 0.04022222222222222171 0.040277777777777780399 0.040333333333333339088 0.041000000000000001721
nan nan nan nan nan nan 0.034000000000000009381 0.034277777777777782009 0.034555555555555561575 0.035888888888888886841 0.036499999999999990785 0.036526315789473684514 0.037346491228070176349 0.038166666666666668184 0.038583333333333330595 0.038999999999999999944 0.038333333333333337312 0.038805555555555558411 0.039277777777777779511 0.03891666666666666885 0.03855555555555555125 0.038222222222222219934 0.038722222222222227317 0.037888888888888888618 0.038166666666666668184 0.038444444444444440812 0.038222222222222219934 0.038555555555555558189 0.037333333333333329485 0.03777777777777777124 0.038222222222222219934 0.037999999999999999056 0.037888888888888888618 0.037555555555555550362 0.037499999999999991673 0.037444444444444439923 0.038111111111111109495 0.037000000000000005107 0.038666666666666661689 0.038694444444444447972 0.038722222222222227317 0.039027777777777779289
nan nan nan nan nan nan nan 0.034000000000000002442 0.033222222222222229371 0.033400000000000006073 0.036555555555555549474 0.035947368421052637577 0.037098684210526325367 0.038250000000000006217 0.038236111111111109606 0.038222222222222219934 0.038388888888888889062 0.038750000000000006661 0.039111111111111117322 0.038666666666666668628 0.038222222222222219934 0.038777777777777772128 0.038166666666666668184 0.038444444444444440812 0.037611111111111109051 0.036777777777777770352 0.03777777777777777124 0.037444444444444446862 0.037666666666666660801 0.037555555555555550362 0.037444444444444439923 0.037666666666666660801 0.037444444444444446862 0.036999999999999998168 0.036944444444444446418 0.036888888888888887729 0.037444444444444439923 0.037777777777777778179 0.037888888888888888618 0.038305555555555557967 0.038722222222222227317 0.039305555555555558855
nan nan nan nan nan nan nan nan 0.034000000000000002442 0.031333333333333338033 0.034555555555555554637 0.035888888888888886841 0.036638888888888887507 0.037388888888888888173 0.038083333333333330151 0.038777777777777772128 0.039000000000000006883 0.039138888888888889728 0.039277777777777779511 0.039527777777777772794 0.039777777777777773016 0.037888888888888888618 0.038388888888888889062 0.038222222222222219934 0.037999999999999992117 0.03777777777777777124 0.038222222222222219934 0.037722222222222226429 0.036999999999999998168 0.036388888888888887285 0.035777777777777769463 0.036111111111111107719 0.036555555555555563352 0.036444444444444439035 0.036499999999999990785 0.036555555555555549474 0.03777777777777777124 0.037500000000000005551 0.038111111111111109495 0.037999999999999999056 0.037888888888888888618 0.038333333333333330373
nan nan nan nan nan nan nan nan 0.030261904761904760697 0.027600000000000003003 0.031555555555555558911 0.035555555555555555525 0.03641666666666666663 0.037277777777777777735 0.037916666666666667962 0.03855555555555555125 0.038500000000000006439 0.038666666666666668628 0.038833333333333337756 0.039194444444444448417 0.039555555555555552139 0.038777777777777772128 0.037722222222222226429 0.037333333333333329485 0.037388888888888888173 0.037444444444444439923 0.037888888888888888618 0.037777777777777778179 0.038222222222222219934 0.037499999999999991673 0.036777777777777770352 0.036888888888888887729 0.037055555555555556857 0.036999999999999998168 0.036999999999999998168 0.036999999999999998168 0.037444444444444439923 0.038111111111111116434 0.038666666666666661689 0.038611111111111109939 0.038555555555555558189 0.038666666666666668628
nan nan nan nan nan nan nan nan nan 0.030333333333333333676 0.030428571428571426355 0.033578947368421069308 0.035342105263157903849 0.037105263157894738391 0.037552631578947365254 0.037999999999999999056 0.038222222222222226873 0.038194444444444447528 0.038166666666666668184 0.038694444444444447972 0.039222222222222220822 0.039333333333333331261 0.038333333333333337312 0.037444444444444439923 0.037555555555555550362 0.037666666666666660801 0.038333333333333330373 0.038222222222222226873 0.037333333333333329485 0.03683333333333332904 0.036333333333333328596 0.036111111111111114658 0.038055555555555557745 0.038333333333333330373 0.038222222222222219934 0.038111111111111109495 0.038111111111111109495 0.037500000000000005551 0.038333333333333330373 0.037972222222222226651 0.03761111111111111599 0.038194444444444447528
nan nan nan nan nan nan nan nan nan nan 0.027133333333333335691 0.029947368421052646126 0.033394736842105268715 0.036842105263157898243 0.037532163742690055619 0.038222222222222219934 0.037166666666666667296 0.037305555555555557079 0.037444444444444446862 0.038166666666666668184 0.038888888888888889506 0.038444444444444440812 0.03766666666666666774 0.037666666666666660801 0.037833333333333329929 0.037999999999999999056 0.038777777777777772128 0.037500000000000005551 0.037666666666666660801 0.038111111111111109495 0.03855555555555555125 0.036555555555555549474 0.038055555555555557745 0.037555555555555550362 0.037833333333333329929 0.038111111111111109495 0.037999999999999999056 0.038666666666666668628 0.038111111111111109495 0.03844444444444444775 0.038777777777777779067 0.038722222222222220378
nan nan nan nan nan nan nan nan nan nan nan 0.028555555555555556246 0.031750000000000007383 0.03494444444444445852 0.036194444444444445752 0.037444444444444439923 0.037944444444444447306 0.037500000000000005551 0.037055555555555556857 0.037472222222222226207 0.037888888888888888618 0.038222222222222219934 0.038055555555555557745 0.037666666666666660801 0.037666666666666660801 0.037666666666666660801 0.038888888888888889506 0.038666666666666668628 0.038888888888888889506 0.03855555555555555125 0.038222222222222219934 0.038888888888888889506 0.039611111111111117766 0.037999999999999999056 0.03777777777777777124 0.037555555555555550362 0.039111111111111110383 0.038777777777777779067 0.038999999999999999944 0.039250000000000007105 0.039500000000000007327 0.039694444444444448861
nan nan nan nan nan nan nan nan nan nan nan 0.026666666666666668378 0.030149122807017550429 0.03363157894736843595 0.035371345029239775748 0.037111111111111108607 0.037166666666666667296 0.037166666666666667296 0.037166666666666667296 0.037972222222222219712 0.038777777777777772128 0.038333333333333330373 0.038333333333333337312 0.037555555555555550362 0.03772222222222221949 0.037888888888888888618 0.039222222222222220822 0.039944444444444449083 0.0394444444444444417 0.039944444444444442144 0.040444444444444442588 0.038999999999999999944 0.039222222222222227761 0.039777777777777773016 0.03938888888888888995 0.038999999999999999944 0.039333333333333331261 0.039944444444444449083 0.04022222222222222171 0.0401305555555555582 0.04003888888888889469 0.040352777777777779078
nan nan nan nan nan nan nan nan nan nan nan nan 0.026119047619047618125 0.031933333333333348281 0.033688888888888893214 0.035444444444444445086 0.037000000000000005107 0.037388888888888888173 0.037777777777777778179 0.037944444444444447306 0.038111111111111109495 0.038777777777777772128 0.03844444444444444775 0.037888888888888888618 0.038111111111111109495 0.038333333333333330373 0.038222222222222219934 0.039777777777777779955 0.0394444444444444417 0.039666666666666669516 0.039888888888888890394 0.040888888888888891282 0.04011111111111111821 0.040111111111111111271 0.039722222222222221266 0.039333333333333331261 0.039777777777777773016 0.040683333333333335236 0.040555555555555553027 0.040472222222222221932 0.040388888888888890838 0.040694444444444449749
