shallow_reservoirs/rasters/hexagon_map_A_res0.1_sk.asc
ncols        60
nrows        40
xllcorner    0.000000000000
yllcorner    0.000000000000
cellsize     0.100000000000
NODATA_value  nan
[rows 0 to 18 of 40, columns 0 to 41 of 60]
nan nan nan nan nan nan nan nan nan nan nan nan nan nan nan 0.033444444444444450248 0.03645138327777777687 0.036614580527777773611 0.036777777777777777291 0.037166666666666667296 0.037555555555555550362 0.037999999999999999056 0.038555555555555558189 0.038333333333333330373 0.037888888888888888618 0.037444444444444439923 0.038333333333333330373 0.037722222222222226429 0.03855555555555555125 0.038444444444444440812 0.038333333333333330373 0.03855555555555555125 0.039000000000000006883 0.039555555555555552139 0.039111111111111110383 0.038666666666666661689 0.039222222222222220822 0.039722222222222228205 0.039666666666666662577 0.039555555555555552139 0.039444444444444448639 0.039111111111111110383
nan nan nan nan nan nan nan nan nan nan nan nan nan 0.032428571428571431601 0.033880952380952386593 0.035333333333333334647 0.036166666666666666408 0.037000000000000005107 0.037833333333333336868 0.038305555555555551028 0.038777777777777772128 0.037333333333333329485 0.038333333333333337312 0.038333333333333330373 0.038444444444444440812 0.03855555555555555125 0.03855555555555555125 0.038055555555555557745 0.03855555555555555125 0.038666666666666661689 0.038777777777777772128 0.038111111111111109495 0.038388888888888889062 0.039111111111111110383 0.039555555555555552139 0.040000000000000000833 0.039555555555555552139 0.038611111111111116878 0.037888888888888888618 0.039055555555555558633 0.040222222222222228649 0.039500000000000000389
nan nan nan nan nan nan nan nan nan nan nan nan 0.03254761904761904745 0.033866666666666683794 0.034488888888888902251 0.035111111111111120708 0.037000000000000005107 0.037500000000000005551 0.038000000000000005995 0.037722222222222226429 0.037444444444444439923 0.037999999999999999056 0.03766666666666666774 0.038111111111111109495 0.03772222222222221949 0.037333333333333329485 0.038111111111111109495 0.038055555555555557745 0.039333333333333331261 0.039055555555555551694 0.038777777777777772128 0.03855555555555555125 0.039444444444444448639 0.039333333333333331261 0.039277777777777772572 0.039222222222222220822 0.037555555555555550362 0.037500000000000005551 0.03777777777777777124 0.038333333333333330373 0.038888888888888889506 0.038277777777777771684
nan nan nan nan nan nan nan nan nan nan nan 0.032666666666666670238 0.033859649122807020105 0.035052631578947376911 0.035637426900584801004 0.036222222222222218158 0.03761111111111111599 0.037777777777777785118 0.037944444444444447306 0.03813888888888888884 0.038333333333333330373 0.037111111111111108607 0.037277777777777777735 0.037333333333333329485 0.03766666666666666774 0.037999999999999999056 0.039111111111111110383 0.039166666666666669072 0.038444444444444440812 0.037888888888888888618 0.037333333333333329485 0.037666666666666660801 0.03938888888888888995 0.037999999999999999056 0.037999999999999999056 0.037999999999999999056 0.037666666666666660801 0.037500000000000005551 0.037222222222222219046 0.037583333333333329707 0.037944444444444447306 0.037583333333333329707
nan nan nan nan nan nan nan nan nan nan nan 0.033300000000000010147 0.034733333333333338278 0.036166666666666666408 0.03647222222222221838 0.036777777777777770352 0.037388888888888888173 0.037527777777777777957 0.03766666666666666774 0.037166666666666667296 0.036666666666666659913 0.037555555555555550362 0.03761111111111111599 0.038111111111111109495 0.03777777777777777124 0.037444444444444439923 0.038222222222222219934 0.038722222222222227317 0.03855555555555555125 0.038222222222222219934 0.037888888888888888618 0.037666666666666660801 0.036777777777777777291 0.037222222222222219046 0.037277777777777770796 0.037333333333333329485 0.037444444444444439923 0.03761111111111111599 0.037888888888888888618 0.037805555555555557523 0.037722222222222226429 0.037583333333333329707
nan nan nan nan nan nan nan nan nan nan 0.033233333333333336945 0.034888888888888899831 0.035470760233918138815 0.0360526315789473778 0.036137426900584801448 0.036222222222222218158 0.036666666666666666852 0.037111111111111108607 0.037555555555555557301 0.037777777777777778179 0.037999999999999999056 0.037444444444444439923 0.038333333333333337312 0.038111111111111109495 0.037888888888888888618 0.037666666666666660801 0.038777777777777772128 0.038111111111111116434 0.036666666666666659913 0.037222222222222212107 0.03777777777777777124 0.036666666666666659913 0.036611111111111115102 0.037111111111111108607 0.036777777777777770352 0.036444444444444439035 0.036999999999999998168 0.037000000000000005107 0.036666666666666659913 0.036611111111111108163 0.036555555555555556413 0.036722222222222225541
nan nan nan nan nan nan nan nan nan 0.033175000000000003098 0.034285714285714287419 0.035157894736842110195 0.035421052631578950343 0.035684210526315797429 0.035842105263157897355 0.03599999999999999728 0.036833333333333335979 0.037277777777777784673 0.037722222222222226429 0.037527777777777777957 0.037333333333333329485 0.038777777777777772128 0.037777777777777778179 0.03855555555555555125 0.037666666666666660801 0.036777777777777770352 0.037999999999999999056 0.038055555555555557745 0.037333333333333329485 0.037222222222222219046 0.037111111111111108607 0.037222222222222219046 0.036166666666666666408 0.035666666666666665964 0.03599999999999999728 0.036333333333333328596 0.036777777777777770352 0.036500000000000004663 0.035888888888888886841 0.034972222222222230925 0.034055555555555575009 0.035527777777777783119
nan nan nan nan nan nan nan nan 0.03311666666666666925 0.033800000000000003653 0.034777777777777782453 0.035222222222222238086 0.035638888888888900497 0.036055555555555555969 0.035916666666666666186 0.035777777777777769463 0.037500000000000005551 0.037527777777777784896 0.037555555555555557301 0.03766666666666666774 0.03777777777777777124 0.038111111111111109495 0.038611111111111116878 0.038333333333333330373 0.037111111111111108607 0.035888888888888886841 0.036777777777777770352 0.037277777777777777735 0.03777777777777777124 0.037388888888888888173 0.036999999999999998168 0.037111111111111108607 0.036500000000000004663 0.035888888888888886841 0.036222222222222218158 0.036555555555555549474 0.036222222222222218158 0.036277777777777776846 0.034777777777777782453 0.034222222222222237198 0.033666666666666685004 0.034388888888888899387
nan nan nan nan nan nan nan 0.033058333333333335402 0.033333333333333332871 0.034888888888888892892 0.035555555555555562464 0.03583333333333334203 0.036083333333333342252 0.036333333333333335535 0.036333333333333328596 0.036333333333333328596 0.038222222222222226873 0.037944444444444447306 0.03766666666666666774 0.037555555555555550362 0.037444444444444439923 0.038333333333333330373 0.037444444444444446862 0.037888888888888888618 0.035888888888888886841 0.033888888888888892004 0.036111111111111107719 0.035055555555555575897 0.035444444444444445086 0.035722222222222224652 0.036000000000000004219 0.036000000000000004219 0.03500000000000001027 0.035888888888888886841 0.036222222222222218158 0.036555555555555549474 0.036555555555555549474 0.036666666666666666852 0.035888888888888886841 0.035388888888888900275 0.03488888888888890677 0.035333333333333341586
nan nan nan nan nan nan 0.033000000000000001554 0.033500000000000001998 0.034000000000000002442 0.034400000000000006961 0.036444444444444439035 0.037000000000000005107 0.037350000000000008193 0.037700000000000004341 0.037183333333333332127 0.036666666666666659913 0.038000000000000005995 0.037805555555555564462 0.03761111111111111599 0.037638888888888888395 0.037666666666666660801 0.037666666666666660801 0.037333333333333336423 0.037444444444444439923 0.036999999999999991229 0.036555555555555549474 0.036111111111111107719 0.035333333333333341586 0.034333333333333340698 0.034444444444444451137 0.034555555555555561575 0.035555555555555562464 0.035555555555555555525 0.036444444444444439035 0.03594444444444444553 0.035444444444444445086 0.03599999999999999728 0.036166666666666666408 0.035444444444444452025 0.035638888888888893558 0.035833333333333335091 0.036361111111111107941
nan nan nan nan nan nan 0.034333333333333340698 0.034333333333333340698 0.034333333333333340698 0.035222222222222231147 0.037199999999999996958 0.037105263157894738391 0.037163742690058482188 0.037222222222222225985 0.037444444444444446862 0.037666666666666660801 0.037722222222222226429 0.037638888888888888395 0.037555555555555557301 0.037611111111111109051 0.037666666666666660801 0.037555555555555550362 0.035500000000000003775 0.037333333333333329485 0.037499999999999991673 0.037666666666666660801 0.037444444444444439923 0.03583333333333334203 0.035666666666666659025 0.035111111111111106831 0.034555555555555561575 0.035444444444444445086 0.034833333333333348081 0.035333333333333341586 0.036055555555555555969 0.036777777777777770352 0.036444444444444439035 0.037000000000000005107 0.037444444444444439923 0.037652777777777771129 0.037861111111111109273 0.037597222222222219379
nan nan nan nan nan 0.034571428571428572396 0.034222222222222230259 0.035111111111111120708 0.036000000000000004219 0.036555555555555549474 0.037555555555555550362 0.037777777777777778179 0.037972222222222226651 0.038166666666666668184 0.037749999999999998834 0.037333333333333329485 0.038777777777777779067 0.038194444444444447528 0.03761111111111111599 0.037583333333333329707 0.037555555555555550362 0.03777777777777777124 0.036166666666666666408 0.037333333333333329485 0.037444444444444439923 0.037555555555555550362 0.038333333333333330373 0.037555555555555557301 0.035444444444444452025 0.035722222222222224652 0.036000000000000004219 0.036333333333333342474 0.03594444444444444553 0.037333333333333329485 0.037388888888888888173 0.037444444444444439923 0.036777777777777770352 0.037444444444444446862 0.037666666666666660801 0.037694444444444447084 0.037722222222222226429 0.037694444444444447084
nan nan nan nan 0.036047619047619050558 0.035599999999999992761 0.03599999999999999728 0.036055555555555562908 0.036111111111111121597 0.036999999999999991229 0.039222222222222220822 0.038777777777777779067 0.038813888888888897766 0.038850000000000009526 0.038869444444444449516 0.038888888888888889506 0.038166666666666668184 0.038000000000000005995 0.037833333333333336868 0.038083333333333330151 0.038333333333333330373 0.038111111111111109495 0.038000000000000005995 0.037555555555555550362 0.038166666666666661245 0.038777777777777772128 0.039555555555555552139 0.038777777777777779067 0.036888888888888887729 0.037388888888888888173 0.037888888888888888618 0.037888888888888888618 0.037055555555555556857 0.036777777777777770352 0.037722222222222212551 0.038666666666666661689 0.038222222222222219934 0.038666666666666668628 0.038999999999999999944 0.039555555555555559077 0.04011111111111111821 0.040333333333333332149
nan nan nan 0.037523809523809521782 0.036999999999999998168 0.036611111111111122041 0.036222222222222218158 0.037061111111111107175 0.037899999999999996192 0.039111111111111110383 0.039555555555555552139 0.039526315789473687179 0.039568713450292405942 0.039611111111111117766 0.039305555555555558855 0.038999999999999999944 0.039277777777777779511 0.039027777777777779289 0.038777777777777779067 0.039055555555555551694 0.039333333333333331261 0.040000000000000000833 0.039555555555555559077 0.03855555555555555125 0.039055555555555551694 0.039555555555555552139 0.039666666666666662577 0.039666666666666669516 0.039777777777777773016 0.039944444444444442144 0.040111111111111111271 0.041555555555555546976 0.040444444444444449527 0.04122222222222221566 0.041166666666666656971 0.041111111111111105221 0.041333333333333326098 0.042222222222222230426 0.042222222222222216548 0.042611111111111113492 0.043000000000000010436 0.04372222222222221788
nan nan 0.038999999999999999944 0.038222222222222219934 0.037444444444444439923 0.038222222222222226873 0.037888888888888888618 0.039555555555555552139 0.04122222222222221566 0.04111111111111111216 0.043333333333333327875 0.041789473684210536042 0.041644736842105276042 0.041500000000000009104 0.041027777777777781065 0.040555555555555553027 0.041111111111111119099 0.041055555555555567349 0.04100000000000000866 0.041166666666666670849 0.041333333333333326098 0.040444444444444442588 0.04105555555555556041 0.04022222222222222171 0.041333333333333326098 0.042444444444444430486 0.044444444444444432263 0.042944444444444451747 0.043111111111111106997 0.043555555555555548752 0.043999999999999990508 0.043111111111111106997 0.044500000000000011768 0.045333333333333322712 0.046222222222222213162 0.047111111111111103611 0.046999999999999993172 0.047444444444444455744 0.046999999999999993172 0.047166666666666669239 0.047333333333333345305 0.047555555555555559244
nan nan 0.038666666666666661689 0.038499999999999992562 0.038333333333333330373 0.041666666666666671293 0.044999999999999991396 0.046444444444444440978 0.047888888888888883621 0.044444444444444439202 0.051777777777777776735 0.048055555555555566627 0.047343567251462000123 0.046631578947368433619 0.044426900584795328553 0.042222222222222216548 0.044111111111111121763 0.044194444444444452857 0.044277777777777783952 0.044694444444444439424 0.045111111111111101835 0.046444444444444434039 0.0469444444444444553 0.047666666666666662744 0.047555555555555545366 0.047444444444444434927 0.048999999999999994948 0.048000000000000014877 0.048333333333333325377 0.048833333333333325821 0.049333333333333326265 0.049999999999999995837 0.049833333333333347526 0.051222222222222217602 0.050777777777777768908 0.050333333333333327153 0.050666666666666665408 0.051777777777777797552 0.052333333333333328929 0.052888888888888895001 0.053444444444444461073 0.052666666666666674124
nan 0.041666666666666664354 0.042875000000000003386 0.044937499999999998279 0.046999999999999993172 0.053833333333333337201 0.052666666666666667185 0.056777777777777781176 0.060888888888888895168 0.057400000000000006573 0.062222222222222227372 0.05922222222222221083 0.059137426900584794121 0.059052631578947377411 0.055859649122807018828 0.052666666666666660246 0.053722222222222247578 0.054388888888888910211 0.055055555555555572844 0.055138888888888890061 0.055222222222222214216 0.052555555555555549807 0.053666666666666675012 0.05311111111111110894 0.053555555555555550695 0.053999999999999999389 0.054777777777777772461 0.054444444444444461961 0.048666666666666663632 0.050833333333333327597 0.052999999999999998501 0.053222222222222219379 0.055055555555555558966 0.055555555555555552472 0.05655555555555555336 0.057555555555555554248 0.057444444444444443809 0.052444444444444467124 0.061333333333333336923 0.057111111111111126371 0.052888888888888908879 0.052611111111111115435
nan 0.043500000000000003941 0.042294117647058829257 0.043702614379084972485 0.045111111111111108773 0.0545555555555555724 0.057666666666666671626 0.062722222222222234755 0.067777777777777784007 0.067888888888888887507 0.062333333333333323933 0.068105263157894738169 0.0666915204678362461 0.065277777777777767909 0.062805555555555545033 0.060333333333333322157 0.06244444444444444825 0.063944444444444456521 0.065444444444444457853 0.064222222222222236088 0.063000000000000000444 0.063111111111111117822 0.060222222222222225596 0.063000000000000000444 0.063555555555555559577 0.064111111111111104832 0.061666666666666661301 0.056444444444444456799 0.059222222222222224708 0.060444444444444453413 0.061666666666666675178 0.062333333333333337811 0.059222222222222238586 0.061555555555555557801 0.061722222222222219989 0.061888888888888882178 0.054555555555555551583 0.054222222222222248023 0.06433333333333332571 0.060638888888888888007 0.056944444444444450304 0.059250000000000004052
0.044333333333333328763 0.062750000000000000222 0.031666666666666683227 0.028611111111111118405 0.025555555555555553582 0.042333333333333347803 0.04799999999999999406 0.047388888888888883177 0.046777777777777772295 0.077888888888888882511 0.061222222222222212606 0.078473684210526320482 0.075657894736842118411 0.072842105263157902462 0.068365497076023393208 0.063888888888888883955 0.067944444444444432318 0.067750000000000004663 0.067555555555555577008 0.066777777777777796997 0.066000000000000003109 0.063555555555555559577 0.069222222222222226651 0.071888888888888877182 0.071111111111111097172 0.070333333333333331039 0.063777777777777780455 0.062666666666666689944 0.072444444444444436315 0.068388888888888887951 0.06433333333333332571 0.060999999999999991729 0.063111111111111090066 0.065555555555555561353 0.06077777777777777779 0.056000000000000001166 0.058666666666666672514 0.061388888888888888673 0.056777777777777781176 0.057749999999999995781 0.058722222222222203447 0.055694444444444435316
