shallow_reservoirs_case/rasters/hexagon/continuous_cubic/hexagon_exp_01_cubic.asc
ncols        60
nrows        40
xllcorner    0.000000000000
yllcorner    0.000000000000
cellsize     0.100000000000
NODATA_value  -9999
[rows 19 to 37 of 40, columns 0 to 41 of 60]
0.019777777777777779539 0.045374999999999998668 0.054411764705882381676 0.040291215119981550752 0.030888888888888892809 0.037600000000000008415 0.050200000000000001565 0.044732096898944043173 0.043699999999999988853 0.067299999999999998712 0.055111111111111103777 0.067388888888888887063 0.075309878318648007522 0.075421052631578944236 0.069089217419423337718 0.067000000000000003997 0.072333333333333318937 0.070129452921561322154 0.065222222222222223098 0.068134345247784458555 0.073333333333333347581 0.074111111111111099836 0.071055555555555566238 0.064111111111111104832 0.060754963110161312734 0.063888888888888883955 0.07100000000000000755 0.065444444444444457853 0.058333333333333334259 0.069567728450998719825 0.07277777777777777457 0.057888888888888878625 0.069722222222222240973 0.064888888888888898721 0.059932229112061898013 0.059111111111111114269 0.062111111111111116934 0.064333333333333311832 0.06066666666666667429 0.062629650128946695586 0.064444444444444470843 0.058188123784880280143
0.032100000000000003531 0.050285714285714280813 0.048882352941176487882 0.031385959491515777464 0.016625000000000000888 0.020111111111111110855 0.02911111111111111191 0.041936700343774876987 0.051333333333333321102 0.051555555555555548919 0.077555555555555544256 0.070833333333333345361 0.070625119484461346131 0.075666666666666673735 0.074296849340825268926 0.073333333333333319826 0.0778333333333333377 0.069635481253949430003 0.065388888888888885287 0.076813568993367081772 0.081111111111111106053 0.066666666666666679619 0.065333333333333354354 0.059555555555555556024 0.056929232771681687053 0.062777777777777765689 0.078111111111111103389 0.058944444444444438203 0.05733333333333333337 0.060885495275339013288 0.063555555555555559577 0.06244444444444444825 0.066666666666666679619 0.065666666666666664853 0.061766136220538579715 0.058111111111111099503 0.057555555555555554248 0.059666666666666673402 0.062777777777777765689 0.061723950299533439368 0.057833333333333354631 0.055620382213160596274
0.042666666666666665242 0.05162499999999999728 0.042166666666666671737 0.038576387972396528059 0.043333333333333334814 0.048611111111111118821 0.047666666666666662744 0.057088277252299285403 0.068000000000000004885 0.066000000000000003109 0.067555555555555549252 0.071631578947368421129 0.071202574424509432194 0.070157894736842113526 0.069709714760145591317 0.070444444444444462294 0.071722222222222214993 0.07069695173110461528 0.069055555555555564462 0.069771146536244985081 0.067444444444444445752 0.059555555555555556024 0.064000000000000001332 0.073000000000000009326 0.064709032894754825449 0.059555555555555556024 0.066777777777777769241 0.063055555555555573011 0.064777777777777767465 0.069987675355894077289 0.068444444444444460518 0.054999999999999993339 0.059277777777777776458 0.064222222222222236088 0.064018395654107579373 0.061555555555555557801 0.059777777777777783841 0.054000000000000020206 0.064222222222222236088 0.063873835842682497033 0.059333333333333321269 0.059611817705881718632
-9999 0.048000000000000000999 0.041294117647058828369 0.04225886336337553173 0.045333333333333329651 0.047277777777777786616 0.055777777777777780288 0.05460107558516289622 0.053222222222222219379 0.060444444444444446474 0.054888888888888889839 0.057894736842105269659 0.058094500380549828067 0.05816666666666667207 0.065983862977660331928 0.070333333333333331039 0.062055555555555558245 0.058039481426145830834 0.05794444444444446507 0.061175288231483528067 0.062111111111111116934 0.059777777777777783841 0.059388888888888900774 0.057888888888888878625 0.056655021811060218839 0.057000000000000002054 0.061333333333333336923 0.059444444444444438647 0.062555555555555544811 0.062735459095463741441 0.060999999999999991729 0.061333333333333336923 0.05627777777777779461 0.054222222222222213328 0.054983088597555802857 0.056777777777777781176 0.057777777777777782064 0.056944444444444464182 0.059555555555555556024 0.057897739927153211992 0.0547777777777777794 0.056277625393935208631
-9999 -9999 0.0390625 0.038565131072777619758 0.039333333333333331261 0.041111111111111119099 0.043777777777777776569 0.042825000663018135405 0.042777777777777768742 0.046099999999999988209 0.04555555555555554359 0.048777777777777787949 0.048955113377237374772 0.049052631578947382407 0.054095501661209022259 0.057555555555555554248 0.052222222222222246246 0.051230706282534753393 0.052555555555555570624 0.051181061077209821786 0.050888888888888886286 0.053222222222222219379 0.05105555555555557623 0.054111111111111109828 0.056462150627362948929 0.056888888888888891615 0.054111111111111109828 0.052333333333333356685 0.051111111111111107164 0.053882099711603188841 0.05733333333333333337 0.056888888888888891615 0.053000000000000019318 0.053444444444444440256 0.053472189981928708313 0.053888888888888882012 0.055666666666666669849 0.053888888888888909767 0.055111111111111103777 0.055719444483140145863 0.055666666666666690666 0.054201271855621971363
-9999 -9999 0.03869999999999999829 0.037742228596175035615 0.037888888888888888618 0.038111111111111123373 0.039111111111111110383 0.038621333708109592542 0.038333333333333330373 0.039888888888888890394 0.04033333333333332521 0.041722222222222229981 0.041365957125773837599 0.042105263157894742831 0.044665049915236426648 0.046111111111111102723 0.045833333333333343973 0.046100720360676909759 0.046055555555555564851 0.043973743909709907263 0.043555555555555541813 0.047555555555555545366 0.048444444444444456632 0.045333333333333322712 0.043552270275701784885 0.044777777777777777457 0.049333333333333326265 0.050500000000000017097 0.049999999999999995837 0.047327722302179200953 0.047333333333333324489 0.053444444444444440256 0.050500000000000017097 0.049111111111111105387 0.050193696697314015009 0.051888888888888887174 0.052999999999999998501 0.05272222222222224669 0.050888888888888886286 0.050969314095090506589 0.052166666666666680618 0.053780331198068805076
-9999 -9999 -9999 0.036434742570934312844 0.036444444444444452913 0.036888888888888901607 0.037888888888888888618 0.037834691876981046965 0.037444444444444439923 0.037555555555555557301 0.038777777777777772128 0.038736842105263166736 0.038556752010422419563 0.038722222222222227317 0.040105358931774040543 0.041555555555555540037 0.041611111111111119543 0.042103922989846769009 0.042444444444444451303 0.042401854779519167205 0.042555555555555547864 0.043222222222222224375 0.042833333333333341308 0.043444444444444438314 0.044300150589755733777 0.044666666666666660079 0.044222222222222218324 0.044055555555555563074 0.043888888888888887008 0.043723713716869699875 0.044111111111111107885 0.044777777777777777457 0.045555555555555564407 0.045222222222222212273 0.045456890416291841073 0.046222222222222213162 0.046666666666666661856 0.048333333333333346193 0.047888888888888883621 0.047738043033926008674 0.048833333333333346638 0.04987196490467007276
-9999 -9999 -9999 -9999 0.035333333333333334647 0.035578947368421071085 0.036000000000000004219 0.035983074382829077775 0.036400000000000008737 0.037555555555555550362 0.037333333333333329485 0.037105263157894745329 0.037367597792823920022 0.037722222222222226429 0.037537371997980496785 0.037444444444444439923 0.038777777777777786006 0.039063413283353887184 0.038888888888888889506 0.03869696179175437234 0.038666666666666661689 0.039111111111111110383 0.039166666666666669072 0.040666666666666656527 0.039812427210629983132 0.038777777777777772128 0.04022222222222222171 0.04016666666666666996 0.040666666666666656527 0.041268343931850040573 0.041777777777777774793 0.042111111111111106109 0.042222222222222230426 0.042666666666666658303 0.042955370200774257994 0.042999999999999996558 0.042777777777777775681 0.044166666666666673513 0.045222222222222212273 0.045304429150932232218 0.045333333333333343529 0.046056114243987880674
-9999 -9999 -9999 -9999 -9999 0.035500000000000017653 0.035444444444444452025 0.03581226651873982425 0.036555555555555563352 0.037100000000000007971 0.036555555555555549474 0.037944444444444447306 0.038528685419108782417 0.038250000000000006217 0.03796950111401464073 0.037999999999999999056 0.038222222222222233812 0.038201380266548255749 0.038166666666666675123 0.038803219469767710748 0.038888888888888889506 0.037555555555555557301 0.038388888888888889062 0.03855555555555555125 0.038473881694195230518 0.038777777777777772128 0.038999999999999999944 0.038611111111111116878 0.03855555555555555125 0.039219182928933768451 0.0395555555555555452 0.039111111111111110383 0.039833333333333338644 0.040111111111111111271 0.040459215388867937613 0.040888888888888884343 0.04122222222222221566 0.041166666666666670849 0.04122222222222221566 0.041867301501322500001 0.042555555555555561742 0.042955707452927642531
-9999 -9999 -9999 -9999 -9999 0.033857142857142856485 0.034666666666666672014 0.034800028885013371827 0.035333333333333341586 0.036666666666666673791 0.036000000000000004219 0.037277777777777777735 0.037845821606234737733 0.037722222222222233368 0.037976974673132074534 0.038333333333333330373 0.038333333333333337312 0.038557061616278844041 0.038611111111111116878 0.038209648051957964543 0.037888888888888888618 0.038444444444444440812 0.038277777777777778623 0.039333333333333331261 0.039098015834085966813 0.038333333333333330373 0.038111111111111109495 0.038222222222222226873 0.037999999999999999056 0.038464581916027827668 0.038888888888888889506 0.038777777777777772128 0.03844444444444444775 0.038444444444444440812 0.038489849530096320596 0.038666666666666661689 0.038666666666666661689 0.03844444444444444775 0.040222222222222214771 0.040589487400699619801 0.040333333333333339088 0.040853609471828186694
-9999 -9999 -9999 -9999 -9999 -9999 0.034000000000000009381 0.03415213082456654281 0.034555555555555561575 0.03588888888888889378 0.036500000000000011602 0.036526315789473705331 0.037161418326450403049 0.038166666666666668184 0.038924408635347865215 0.038999999999999999944 0.038333333333333344251 0.038754385716510852955 0.039277777777777779511 0.038998340994999478037 0.03855555555555555125 0.038222222222222219934 0.038722222222222227317 0.037888888888888888618 0.038056732851593298717 0.038444444444444440812 0.038222222222222219934 0.038555555555555565128 0.037333333333333329485 0.037504113169313214871 0.038222222222222219934 0.037999999999999999056 0.037888888888888888618 0.037555555555555557301 0.037214967480164229396 0.037444444444444439923 0.038111111111111109495 0.037000000000000012046 0.038666666666666661689 0.039134521456804516326 0.038722222222222234256 0.038674049744728503097
-9999 -9999 -9999 -9999 -9999 -9999 -9999 0.035194488710222869565 0.033222222222222229371 0.033400000000000006073 0.036555555555555563352 0.035947368421052644516 0.036793780094376324352 0.038250000000000006217 0.038438009482213431056 0.038222222222222233812 0.038388888888888889062 0.038835268029999800432 0.039111111111111117322 0.038655760349721922375 0.038222222222222219934 0.038777777777777772128 0.038166666666666668184 0.038444444444444440812 0.037593649646788226959 0.036777777777777784229 0.03777777777777777124 0.037444444444444453801 0.037666666666666660801 0.037608714422546304923 0.037444444444444439923 0.037666666666666660801 0.03744444444444446074 0.037000000000000005107 0.036747963294524926825 0.036888888888888894668 0.037444444444444439923 0.037777777777777785118 0.037888888888888888618 0.038311918590727023215 0.038722222222222227317 0.039165351359001135401
-9999 -9999 -9999 -9999 -9999 -9999 -9999 -9999 0.034000000000000009381 0.031333333333333338033 0.034555555555555561575 0.035888888888888907658 0.03670872647333209976 0.037388888888888895112 0.038095726188067918772 0.038777777777777772128 0.039000000000000006883 0.039113570291323826456 0.039277777777777779511 0.039994734304846124573 0.039777777777777773016 0.037888888888888888618 0.038388888888888889062 0.038222222222222219934 0.037712531477500282895 0.037777777777777778179 0.038222222222222219934 0.037722222222222233368 0.037000000000000005107 0.036251578942212453471 0.035777777777777783341 0.036111111111111121597 0.036555555555555570291 0.036444444444444452913 0.036126166393494946183 0.036555555555555556413 0.03777777777777777124 0.037500000000000005551 0.038111111111111109495 0.038051574197658824539 0.037888888888888895556 0.038158547204801843145
-9999 -9999 -9999 -9999 -9999 -9999 -9999 -9999 0.02913751537507252784 0.027600000000000003003 0.031555555555555558911 0.035555555555555576341 0.036872841109373791224 0.037277777777777784673 0.038029801165206551794 0.038555555555555558189 0.038500000000000006439 0.038588348051301901709 0.038833333333333337756 0.039317229497275764383 0.039555555555555552139 0.038777777777777772128 0.037722222222222233368 0.037333333333333336423 0.037125094821511418763 0.037444444444444453801 0.037888888888888888618 0.037777777777777778179 0.038222222222222219934 0.037699068629799534214 0.036777777777777770352 0.036888888888888887729 0.037055555555555563796 0.036999999999999998168 0.036873072220987609948 0.037000000000000005107 0.037444444444444453801 0.038111111111111116434 0.038666666666666661689 0.038612099137328464993 0.038555555555555558189 0.038613668129692274578
-9999 -9999 -9999 -9999 -9999 -9999 -9999 -9999 -9999 0.029914460798488390347 0.030428571428571426355 0.033578947368421069308 0.035706770752362143595 0.037105263157894759207 0.03783592312620921716 0.037999999999999999056 0.038222222222222226873 0.038126674137613808524 0.038166666666666668184 0.038670670461492424874 0.039222222222222220822 0.039333333333333331261 0.038333333333333337312 0.037444444444444453801 0.037254802079691375083 0.037666666666666660801 0.038333333333333330373 0.038222222222222233812 0.037333333333333343362 0.03691421322852136977 0.036333333333333342474 0.036111111111111121597 0.038055555555555557745 0.038333333333333330373 0.038247768273564068664 0.038111111111111109495 0.038111111111111109495 0.037500000000000005551 0.038333333333333330373 0.038158716228599440234 0.037611111111111122929 0.037903055131735127747
-9999 -9999 -9999 -9999 -9999 -9999 -9999 -9999 -9999 -9999 0.026060595481739022572 0.029947368421052639187 0.033784567641234948543 0.036842105263157919059 0.038083361847890753737 0.038222222222222219934 0.037166666666666681174 0.036951304223006561922 0.03744444444444446074 0.038267504168186958213 0.038888888888888889506 0.038444444444444440812 0.037666666666666681618 0.037666666666666660801 0.037619729056561239389 0.037999999999999999056 0.038777777777777772128 0.037500000000000005551 0.037666666666666660801 0.038565487253508327903 0.03855555555555555125 0.036555555555555563352 0.038055555555555557745 0.037555555555555550362 0.037603766251195908099 0.038111111111111109495 0.038000000000000005995 0.038666666666666675567 0.038111111111111109495 0.038432367169787595707 0.038777777777777779067 0.038530794978346986912
-9999 -9999 -9999 -9999 -9999 -9999 -9999 -9999 -9999 -9999 -9999 0.028555555555555556246 0.031845262169125206075 0.034944444444444465458 0.036653258166255704709 0.037444444444444439923 0.037944444444444447306 0.037403990300413976489 0.037055555555555577674 0.037405991839131104426 0.037888888888888888618 0.038222222222222219934 0.038055555555555557745 0.037666666666666674679 0.037256093639631941705 0.037666666666666660801 0.038888888888888889506 0.038666666666666668628 0.038888888888888889506 0.038622684475920932012 0.038222222222222219934 0.038888888888888889506 0.039611111111111117766 0.037999999999999999056 0.037079285128394270932 0.037555555555555550362 0.039111111111111110383 0.038777777777777779067 0.038999999999999999944 0.039216652200186045973 0.039500000000000007327 0.039641981109790974669
-9999 -9999 -9999 -9999 -9999 -9999 -9999 -9999 -9999 -9999 -9999 0.026666666666666671848 0.030310521661508264823 0.03363157894736843595 0.035933492359700273944 0.037111111111111108607 0.037166666666666681174 0.037113706633310761251 0.037166666666666688112 0.037976586928627965867 0.038777777777777772128 0.038333333333333330373 0.038333333333333337312 0.037555555555555550362 0.037346186209267606682 0.037888888888888895556 0.039222222222222220822 0.039944444444444449083 0.0394444444444444417 0.040005878136776480691 0.040444444444444435649 0.038999999999999999944 0.039222222222222227761 0.039777777777777773016 0.039356231329709778777 0.038999999999999999944 0.039333333333333331261 0.039944444444444449083 0.040222222222222214771 0.040078278508771124355 0.04003888888888889469 0.04053367461574061692
-9999 -9999 -9999 -9999 -9999 -9999 -9999 -9999 -9999 -9999 -9999 -9999 0.026447731589766987348 0.031933333333333348281 0.033957594856580154696 0.035444444444444452025 0.037000000000000005107 0.037603883354940415007 0.037777777777777778179 0.037844440478758019364 0.038111111111111109495 0.038777777777777772128 0.03844444444444444775 0.037888888888888895556 0.038130391308424688157 0.038333333333333330373 0.038222222222222219934 0.039777777777777779955 0.0394444444444444417 0.039476931908485404787 0.039888888888888890394 0.040888888888888877404 0.04011111111111111821 0.040111111111111104333 0.039754295373976608619 0.039333333333333331261 0.039777777777777773016 0.040683333333333335236 0.040555555555555546088 0.040421317198801855197 0.040388888888888890838 0.040692902171167708025
