shallow_reservoirs_case/rasters/hexagon/continuous_cubic/hexagon_exp_01_cubic.asc
ncols        60
nrows        40
xllcorner    0.000000000000
yllcorner    0.000000000000
cellsize     0.100000000000
NODATA_value  -9999
[rows 0 to 18 of 40, columns 0 to 41 of 60]
-9999.0 -9999 -9999 -9999 -9999 -9999 -9999 -9999 -9999 -9999 -9999 -9999 -9999 -9999 -9999 0.033444444444444450248 0.036451383277777790748 0.037179133003007687475 0.036777777777777784229 0.037021509590080131646 0.037555555555555550362 0.037999999999999999056 0.038555555555555558189 0.038333333333333330373 0.037540300542704248266 0.037444444444444453801 0.038333333333333330373 0.037722222222222226429 0.03855555555555555125 0.038703171167120131724 0.038333333333333330373 0.03855555555555555125 0.039000000000000006883 0.039555555555555552139 0.039147199821688176413 0.038666666666666661689 0.039222222222222220822 0.039722222222222228205 0.039666666666666655638 0.039539020698469318216 0.039444444444444448639 0.038707136027209251838
-9999 -9999 -9999 -9999 -9999 -9999 -9999 -9999 -9999 -9999 -9999 -9999 -9999 0.032428571428571431601 0.033939609324826681969 0.035333333333333341586 0.036166666666666687224 0.037087522887983177811 0.037833333333333343806 0.03879132592017542347 0.038777777777777772128 0.037333333333333329485 0.038333333333333337312 0.038333333333333330373 0.038396311085585138612 0.03855555555555555125 0.03855555555555555125 0.038055555555555557745 0.03855555555555555125 0.038998483544247286581 0.038777777777777772128 0.038111111111111109495 0.038388888888888889062 0.039111111111111110383 0.039717778645464794918 0.040000000000000000833 0.039555555555555552139 0.038611111111111123817 0.037888888888888888618 0.038961149227335171996 0.040222222222222228649 0.039724548005223507541
-9999 -9999 -9999 -9999 -9999 -9999 -9999 -9999 -9999 -9999 -9999 -9999 0.032806565404935830732 0.033866666666666683794 0.03423719170992281513 0.035111111111111120708 0.037000000000000012046 0.037883181456225767381 0.038000000000000005995 0.037648203702130872417 0.037444444444444439923 0.037999999999999999056 0.037666666666666674679 0.038111111111111109495 0.037688899711415813076 0.037333333333333329485 0.038111111111111109495 0.038055555555555557745 0.039333333333333331261 0.03947076808580053664 0.038777777777777772128 0.03855555555555555125 0.039444444444444448639 0.039333333333333331261 0.039441443587967049689 0.039222222222222220822 0.037555555555555557301 0.037500000000000005551 0.037777777777777785118 0.038621436190030944413 0.038888888888888889506 0.038048556645741735127
-9999 -9999 -9999 -9999 -9999 -9999 -9999 -9999 -9999 -9999 -9999 0.032666666666666670238 0.034006665484194287252 0.035052631578947390789 0.035563561954319158898 0.036222222222222232035 0.037611111111111122929 0.038103612314636603475 0.037944444444444454245 0.038336671005866698736 0.038333333333333330373 0.037111111111111122485 0.037277777777777784673 0.037333333333333329485 0.037535580228203836717 0.037999999999999999056 0.039111111111111110383 0.039166666666666669072 0.038444444444444440812 0.037716054695033217337 0.037333333333333329485 0.037666666666666660801 0.03938888888888888995 0.037999999999999999056 0.037729578256727562546 0.037999999999999999056 0.037666666666666660801 0.03750000000000001249 0.037222222222222219046 0.037597683284480827581 0.037944444444444461184 0.037347527906366896622
-9999 -9999 -9999 -9999 -9999 -9999 -9999 -9999 -9999 -9999 -9999 0.033300000000000010147 0.034998172180780023899 0.036166666666666687224 0.036547903414758484142 0.036777777777777784229 0.037388888888888895112 0.037728228362041142663 0.03766666666666666774 0.0370440009390728478 0.036666666666666673791 0.03755555555555556424 0.03761111111111111599 0.038111111111111109495 0.03769455225532462872 0.037444444444444439923 0.038222222222222219934 0.038722222222222234256 0.03855555555555555125 0.038164385472074194294 0.037888888888888888618 0.037666666666666660801 0.036777777777777791168 0.037222222222222219046 0.037331803080484657342 0.037333333333333343362 0.037444444444444453801 0.03761111111111111599 0.037888888888888888618 0.037945124921266989992 0.037722222222222233368 0.037403141758242580694
-9999 -9999 -9999 -9999 -9999 -9999 -9999 -9999 -9999 -9999 0.032985963600429393794 0.03488888888888890677 0.035736139062051891502 0.036052631578947391677 0.03612206565267695596 0.036222222222222232035 0.036666666666666687668 0.037133430618805571277 0.037555555555555571179 0.037935331266288188634 0.037999999999999999056 0.037444444444444453801 0.038333333333333337312 0.038111111111111109495 0.037640326820145265929 0.037666666666666660801 0.038777777777777772128 0.038111111111111123373 0.036666666666666666852 0.037286904669969728188 0.03777777777777777124 0.036666666666666673791 0.03661111111111112898 0.037111111111111122485 0.036852893902146924288 0.036444444444444452913 0.036999999999999998168 0.037000000000000012046 0.036666666666666659913 0.036499824617102133439 0.036555555555555570291 0.036537439787861301921
-9999 -9999 -9999 -9999 -9999 -9999 -9999 -9999 -9999 0.032552916058129974242 0.034285714285714287419 0.035157894736842124073 0.035583868499464002544 0.035684210526315811307 0.035701144006038104672 0.036000000000000004219 0.036833333333333349857 0.037511842863895451805 0.037722222222222226429 0.037212804647064071095 0.037333333333333343362 0.038777777777777772128 0.037777777777777778179 0.03855555555555555125 0.037651352957594121096 0.036777777777777784229 0.037999999999999999056 0.038055555555555557745 0.037333333333333329485 0.036864194529990818028 0.037111111111111122485 0.037222222222222219046 0.036166666666666687224 0.035666666666666672902 0.035844766971833724734 0.036333333333333342474 0.036777777777777784229 0.036500000000000018541 0.03588888888888889378 0.034716708278604929694 0.034055555555555575009 0.035340529465868616987
-9999 -9999 -9999 -9999 -9999 -9999 -9999 -9999 0.032266820142700804175 0.033800000000000003653 0.034777777777777782453 0.035222222222222238086 0.035806379044915605248 0.036055555555555576785 0.035596846826184622148 0.035777777777777783341 0.037500000000000005551 0.038038764390308357766 0.03755555555555556424 0.037418051523863071761 0.037777777777777778179 0.038111111111111109495 0.038611111111111116878 0.038333333333333330373 0.036767331603935228534 0.03588888888888889378 0.036777777777777770352 0.037277777777777784673 0.037777777777777785118 0.037457035481504086238 0.037000000000000005107 0.037111111111111122485 0.036500000000000018541 0.03588888888888889378 0.036223541454894349345 0.036555555555555563352 0.036222222222222232035 0.036277777777777797663 0.034777777777777782453 0.033680258717484395925 0.033666666666666685004 0.034147386991989089888
-9999 -9999 -9999 -9999 -9999 -9999 -9999 0.032371406594024189352 0.033333333333333332871 0.034888888888888892892 0.035555555555555562464 0.035833333333333355908 0.036160863070634929883 0.036333333333333356352 0.036011730305331418611 0.036333333333333342474 0.038222222222222226873 0.038345509374786611312 0.037666666666666674679 0.037212307649935986997 0.037444444444444453801 0.038333333333333330373 0.037444444444444467679 0.037888888888888888618 0.035809986533861394575 0.033888888888888892004 0.036111111111111121597 0.035055555555555575897 0.035444444444444452025 0.035851740275014573611 0.036000000000000004219 0.036000000000000004219 0.035000000000000017208 0.03588888888888889378 0.036472331570991854688 0.036555555555555563352 0.036555555555555563352 0.036666666666666687668 0.03588888888888889378 0.035140862803451300422 0.03488888888888890677 0.035167313945343170456
-9999 -9999 -9999 -9999 -9999 -9999 0.033000000000000001554 0.033589087523056615492 0.034000000000000002442 0.034400000000000006961 0.036444444444444452913 0.037000000000000018985 0.037582330763457107159 0.037700000000000018219 0.036828629848246176304 0.036666666666666673791 0.038000000000000005995 0.03817485169903966219 0.03761111111111111599 0.037426895971305627897 0.037666666666666660801 0.037666666666666674679 0.037333333333333350301 0.037444444444444453801 0.037045187641074367457 0.036555555555555563352 0.036111111111111121597 0.035333333333333355464 0.034333333333333340698 0.034122302843332008582 0.034555555555555561575 0.035555555555555562464 0.035555555555555576341 0.036444444444444452913 0.036071089580734939928 0.035444444444444452025 0.036000000000000004219 0.036166666666666687224 0.035444444444444452025 0.035366108770951101836 0.035833333333333355908 0.036126786301206414986
-9999 -9999 -9999 -9999 -9999 -9999 0.034333333333333340698 0.034230736546075411775 0.034333333333333340698 0.035222222222222231147 0.037200000000000010836 0.037105263157894745329 0.03703029588707271863 0.037222222222222232924 0.037420190810590031605 0.037666666666666674679 0.037722222222222226429 0.037662656076854122977 0.037555555555555571179 0.037516200764514569255 0.037666666666666674679 0.037555555555555550362 0.035500000000000017653 0.037333333333333329485 0.038018387699545429237 0.037666666666666674679 0.037444444444444453801 0.035833333333333355908 0.035666666666666672902 0.034792977325427437707 0.034555555555555561575 0.035444444444444452025 0.03483333333333335502 0.035333333333333341586 0.036383023436980237164 0.036777777777777784229 0.036444444444444452913 0.037000000000000018985 0.037444444444444453801 0.037766914025238657038 0.037861111111111109273 0.03733512005570499559
-9999 -9999 -9999 -9999 -9999 0.034571428571428572396 0.034222222222222230259 0.035056156409456647183 0.036000000000000004219 0.036555555555555563352 0.03755555555555556424 0.037777777777777785118 0.037974444159156225953 0.038166666666666675123 0.03745914631627084157 0.037333333333333343362 0.038777777777777779067 0.038510924845753587153 0.03761111111111111599 0.037322511657516301009 0.037555555555555550362 0.037777777777777785118 0.036166666666666687224 0.037333333333333343362 0.037500587656525072311 0.037555555555555550362 0.038333333333333330373 0.03755555555555556424 0.035444444444444452025 0.03530787967438255015 0.036000000000000004219 0.036333333333333342474 0.035944444444444466347 0.037333333333333343362 0.037881021021829316964 0.037444444444444439923 0.036777777777777777291 0.037444444444444446862 0.037666666666666674679 0.037793778773663778969 0.037722222222222233368 0.037024665895787609027
-9999 -9999 -9999 -9999 0.035801729560020485732 0.035600000000000013578 0.036000000000000004219 0.036008404744912611561 0.036111111111111121597 0.037000000000000005107 0.039222222222222220822 0.038777777777777779067 0.038664749914051908808 0.038850000000000009526 0.038977804366147464354 0.038888888888888889506 0.038166666666666668184 0.037792628590392611521 0.037833333333333343806 0.038119138933741615605 0.038333333333333344251 0.038111111111111109495 0.038000000000000005995 0.037555555555555550362 0.037965888028222760653 0.038777777777777772128 0.039555555555555552139 0.038777777777777779067 0.036888888888888894668 0.036737490317081927804 0.037888888888888888618 0.037888888888888888618 0.037055555555555570735 0.036777777777777784229 0.037791431222042939919 0.038666666666666661689 0.038222222222222219934 0.038666666666666668628 0.038999999999999999944 0.039518421517435009527 0.04011111111111111821 0.040275338159423454409
-9999 -9999 -9999 0.037293296458522938452 0.037000000000000005107 0.036611111111111122041 0.036222222222222232035 0.036716241500652231633 0.037899999999999996192 0.039111111111111110383 0.039555555555555552139 0.039526315789473687179 0.039621271052746188934 0.039611111111111117766 0.039250379169502837284 0.038999999999999999944 0.039277777777777779511 0.039073651186036124916 0.038777777777777779067 0.038947287534215377369 0.039333333333333331261 0.040000000000000000833 0.039555555555555559077 0.038555555555555565128 0.038874056572529125386 0.039555555555555552139 0.039666666666666662577 0.039666666666666669516 0.039777777777777773016 0.039680219127967986115 0.040111111111111111271 0.041555555555555546976 0.040444444444444449527 0.04122222222222221566 0.041325004323102307313 0.041111111111111098282 0.041333333333333326098 0.042222222222222230426 0.042222222222222216548 0.042444328037821811572 0.043000000000000010436 0.043893857871737156084
-9999 -9999 0.038999999999999999944 0.037611308204129383082 0.037444444444444439923 0.038222222222222233812 0.037888888888888888618 0.039713918479980049592 0.04122222222222221566 0.041111111111111105221 0.043333333333333327875 0.041789473684210536042 0.041063663809432153495 0.041500000000000009104 0.040911015130706412934 0.040555555555555546088 0.041111111111111119099 0.041172245566493667623 0.04100000000000000866 0.041296793719915757259 0.041333333333333326098 0.040444444444444435649 0.041055555555555553471 0.040222222222222214771 0.040554296465041675401 0.042444444444444437425 0.044444444444444432263 0.042944444444444451747 0.043111111111111106997 0.043865751595900774606 0.043999999999999997446 0.043111111111111106997 0.044500000000000011768 0.045333333333333322712 0.046440161106258308343 0.047111111111111103611 0.046999999999999993172 0.047444444444444455744 0.046999999999999993172 0.04696898235198138094 0.047333333333333345305 0.047719218201301101534
-9999 -9999 0.038666666666666661689 0.038002609386311496376 0.038333333333333337312 0.041666666666666678231 0.044999999999999991396 0.047887245801895489405 0.047888888888888883621 0.044444444444444439202 0.051777777777777769797 0.048055555555555566627 0.04687899961901267204 0.046631578947368433619 0.043809891547745644091 0.042222222222222216548 0.044111111111111121763 0.044396336680437742395 0.044277777777777783952 0.044555737999501993096 0.045111111111111101835 0.046444444444444434039 0.0469444444444444553 0.047666666666666662744 0.047246833108549414482 0.047444444444444434927 0.048999999999999994948 0.048000000000000014877 0.048333333333333325377 0.048940904630774523243 0.049333333333333326265 0.049999999999999995837 0.049833333333333347526 0.051222222222222217602 0.050770742902111261341 0.050333333333333327153 0.050666666666666665408 0.051777777777777797552 0.052333333333333328929 0.053081193524335955336 0.053444444444444461073 0.052743408048241582908
-9999 0.054529932972539496561 0.042875000000000003386 0.044884623641070063582 0.046999999999999993172 0.053833333333333351078 0.052666666666666667185 0.057277608282478090218 0.060888888888888895168 0.057400000000000006573 0.062222222222222227372 0.059222222222222238586 0.059259886263504119031 0.059052631578947363533 0.055532031263978723357 0.052666666666666660246 0.053722222222222226762 0.054650893847382718549 0.055055555555555558966 0.055638818110888117741 0.055222222222222214216 0.052555555555555549807 0.053666666666666681951 0.053111111111111102001 0.053271716462517215707 0.053999999999999999389 0.054777777777777772461 0.054444444444444461961 0.048666666666666663632 0.049239917735214314143 0.052999999999999998501 0.053222222222222219379 0.055055555555555565905 0.055555555555555552472 0.056406840918313216893 0.057555555555555554248 0.057444444444444443809 0.052444444444444467124 0.061333333333333336923 0.059443842116199907544 0.052888888888888908879 0.051708648664933763717
-9999 0.043500000000000003941 0.042294117647058829257 0.040947988626391755573 0.045111111111111108773 0.054555555555555579339 0.057666666666666671626 0.061073800811290622492 0.067777777777777784007 0.067888888888888887507 0.062333333333333323933 0.068105263157894738169 0.06952862034624043841 0.065277777777777767909 0.061291311653063604292 0.060333333333333322157 0.06244444444444444825 0.064744601635922729987 0.065444444444444457853 0.064097232236576873188 0.063000000000000000444 0.063111111111111117822 0.060222222222222225596 0.063000000000000000444 0.064456601356067094732 0.064111111111111104832 0.061666666666666661301 0.056444444444444456799 0.059222222222222224708 0.060982198014915320328 0.061666666666666675178 0.062333333333333337811 0.059222222222222224708 0.061555555555555557801 0.063604321651921716385 0.061888888888888882178 0.054555555555555551583 0.054222222222222241084 0.06433333333333332571 0.06298213832134802459 0.056944444444444450304 0.059228066588622937938
0.044333333333333335702 0.062750000000000000222 0.031666666666666683227 0.018867296090573505707 0.025555555555555553582 0.042333333333333347803 0.04799999999999999406 0.040065945490480321667 0.046777777777777772295 0.077888888888888882511 0.061222222222222212606 0.078473684210526320482 0.080969909375236751026 0.072842105263157902462 0.066642113055341678507 0.063888888888888883955 0.067944444444444460074 0.069126296395812719675 0.067555555555555577008 0.067050806655454264771 0.066000000000000003109 0.063555555555555559577 0.069222222222222240529 0.07188888888888889106 0.072759291852671284517 0.070333333333333331039 0.063777777777777780455 0.062666666666666689944 0.072444444444444436315 0.072176176935627556208 0.06433333333333332571 0.061000000000000005607 0.063111111111111103944 0.065555555555555561353 0.060720559525107214993 0.056000000000000001166 0.058666666666666672514 0.061388888888888888673 0.056777777777777781176 0.057439235232079763338 0.058722222222222203447 0.055708664242133318356
