FMAPHMM/rasters/diamond_map_B_res0.1.asc
ncols        60
nrows        39
xllcorner    0.000000000000
yllcorner    0.099608056000
cellsize     0.100000000000
NODATA_value  -9999
[rows 0 to 20 of 39, columns 0 to 45 of 60]
-9999.0 -9999 -9999 -9999 -9999 -9999 -9999 -9999 -9999 -9999 -9999 -9999 -9999 -9999 -9999 -9999 -9999 -9999 -9999 -9999 -9999 -9999 -9999 -9999 -9999 -9999 -9999 -9999 -9999 0.05330763012170791626 0.053129091858863830566 0.051126722246408462524 -9999 -9999 -9999 -9999 -9999 -9999 -9999 -9999 -9999 -9999 -9999 -9999 -9999 -9999
-9999 -9999 -9999 -9999 -9999 -9999 -9999 -9999 -9999 -9999 -9999 -9999 -9999 -9999 -9999 -9999 -9999 -9999 -9999 -9999 -9999 -9999 -9999 -9999 -9999 -9999 -9999 0.055255249142646789551 0.053431857377290725708 0.053674161434173583984 0.054002098739147186279 0.051427584141492843628 0.05137667432427406311 0.051515664905309677124 -9999 -9999 -9999 -9999 -9999 -9999 -9999 -9999 -9999 -9999 -9999 -9999
-9999 -9999 -9999 -9999 -9999 -9999 -9999 -9999 -9999 -9999 -9999 -9999 -9999 -9999 -9999 -9999 -9999 -9999 -9999 -9999 -9999 -9999 -9999 -9999 -9999 -9999 0.055616740137338638306 0.05535921826958656311 0.05468351021409034729 0.054399609565734863281 0.054147217422723770142 0.052549332380294799805 0.052041251212358474731 0.051710903644561767578 0.050661783665418624878 -9999 -9999 -9999 -9999 -9999 -9999 -9999 -9999 -9999 -9999 -9999
-9999 -9999 -9999 -9999 -9999 -9999 -9999 -9999 -9999 -9999 -9999 -9999 -9999 -9999 -9999 -9999 -9999 -9999 -9999 -9999 -9999 -9999 -9999 -9999 0.055604241788387298584 0.055205121636390686035 0.055371221154928207397 0.054964851588010787964 0.054381728172302246094 0.054052136838436126709 0.053545400500297546387 0.0531274452805519104 0.052404940128326416016 0.052114520221948623657 0.051039304584264755249 0.050056718289852142334 0.049913138151168823242 -9999 -9999 -9999 -9999 -9999 -9999 -9999 -9999 -9999
-9999 -9999 -9999 -9999 -9999 -9999 -9999 -9999 -9999 -9999 -9999 -9999 -9999 -9999 -9999 -9999 -9999 -9999 -9999 -9999 -9999 -9999 0.056062385439872741699 0.055985335260629653931 0.055495299398899078369 0.054126620292663574219 0.053854618221521377563 0.053409237414598464966 0.052441127598285675049 0.052866559475660324097 0.052451692521572113037 0.052694622427225112915 0.052486430853605270386 0.051887366920709609985 0.051105767488479614258 0.050702273845672607422 0.050060477107763290405 0.049394831061363220215 0.048286370933055877686 -9999 -9999 -9999 -9999 -9999 -9999 -9999
-9999 -9999 -9999 -9999 -9999 -9999 -9999 -9999 -9999 -9999 -9999 -9999 -9999 -9999 -9999 -9999 -9999 -9999 -9999 -9999 -9999 0.056275282055139541626 0.056044761091470718384 0.055304747074842453003 0.054271906614303588867 0.052536815404891967773 0.051785163581371307373 0.051390785723924636841 0.050541110336780548096 0.051073420792818069458 0.050437457859516143799 0.05164163932204246521 0.051454342901706695557 0.051070030778646469116 0.050746232271194458008 0.050755705684423446655 0.050076421350240707397 0.049715317785739898682 0.048428356647491455078 0.042432617396116256714 -9999 -9999 -9999 -9999 -9999 -9999
-9999 -9999 -9999 -9999 -9999 -9999 -9999 -9999 -9999 -9999 -9999 -9999 -9999 -9999 -9999 -9999 -9999 -9999 -9999 0.055883534252643585205 0.055857982486486434937 0.05564263463020324707 0.055613584816455841064 0.053444899618625640869 0.051860406994819641113 0.050019241869449615479 0.049144584685564041138 0.048722103238105773926 0.049137849360704421997 0.049239903688430786133 0.048187009990215301514 0.049418959766626358032 0.049700923264026641846 0.049346044659614562988 0.049302220344543457031 0.049499999731779098511 0.049488212913274765015 0.04967202991247177124 0.049019865691661834717 0.043129056692123413086 0.039701212197542190552 0.047422677278518676758 -9999 -9999 -9999 -9999
-9999 -9999 -9999 -9999 -9999 -9999 -9999 -9999 -9999 -9999 -9999 -9999 -9999 -9999 -9999 -9999 -9999 -9999 0.055907025933265686035 0.055616207420825958252 0.053581457585096359253 0.053504124283790588379 0.053190674632787704468 0.051076322793960571289 0.049516163766384124756 0.047504808753728866577 0.046604614704847335815 0.046291518956422805786 0.046876933425664901733 0.046737186610698699951 0.045845378190279006958 0.046556502580642700195 0.04716871306300163269 0.047104172408580780029 0.04698924720287322998 0.048228960484266281128 0.048242289572954177856 0.049170717597007751465 0.048795390874147415161 0.045766294002532958984 0.042628850787878036499 0.047450307756662368774 0.048709064722061157227 -9999 -9999 -9999
-9999 -9999 -9999 -9999 -9999 -9999 -9999 -9999 -9999 -9999 -9999 -9999 -9999 -9999 -9999 -9999 0.056108426302671432495 0.056380886584520339966 0.054485205560922622681 0.053834948688745498657 0.051512423902750015259 0.050745587795972824097 0.05011556670069694519 0.048109941184520721436 0.046828888356685638428 0.04469951242208480835 0.044846333563327789307 0.043876923620700836182 0.044261552393436431885 0.044086020439863204956 0.043145786970853805542 0.043692078441381454468 0.044190905988216400146 0.044122379273176193237 0.044808343052864074707 0.046228729188442230225 0.046306729316711425781 0.046994566917419433594 0.0477047748863697052 0.048197992146015167236 0.045745141804218292236 0.047885056585073471069 0.048838306218385696411 0.048685848712921142578 0.049017187207937240601 -9999
-9999 -9999 -9999 -9999 -9999 -9999 -9999 -9999 -9999 -9999 -9999 -9999 -9999 -9999 0.056043680757284164429 0.056758761405944824219 0.055394817143678665161 0.054312713444232940674 0.052571266889572143555 0.051274444907903671265 0.049010038375854492188 0.047965358942747116089 0.047255828976631164551 0.044778216630220413208 0.043653424829244613647 0.041438303887844085693 0.042145181447267532349 0.041530221700668334961 0.042093306779861450195 0.041938696056604385376 0.041067767888307571411 0.041364271193742752075 0.042079072445631027222 0.041791856288909912109 0.041992180049419403076 0.044190295040607452393 0.044173322618007659912 0.045020017772912979126 0.046319451183080673218 0.04813585430383682251 0.047628730535507202148 0.048125628381967544556 0.048641279339790344238 0.048466466367244720459 0.048694938421249389648 0.048423405736684799194
-9999 -9999 -9999 -9999 -9999 -9999 -9999 -9999 -9999 -9999 -9999 -9999 -9999 0.057396467775106430054 0.055814366787672042847 0.05524705350399017334 0.05264396965503692627 0.051113929599523544312 0.049831692129373550415 0.048006501048803329468 0.04591422155499458313 0.044198196381330490112 0.044499881565570831299 0.042531963437795639038 0.041284568607807159424 0.039505064487457275391 0.039700783789157867432 0.039404906332492828369 0.040023289620876312256 0.039985213428735733032 0.039061155170202255249 0.039347693324089050293 0.039890259504318237305 0.039660703390836715698 0.039328187704086303711 0.04211892932653427124 0.041781716048717498779 0.043360978364944458008 0.043915286660194396973 0.046926021575927734375 0.04775921255350112915 0.047996863722801208496 0.04824013635516166687 0.048178564757108688354 0.048084378242492675781 0.048123493790626525879
-9999 -9999 -9999 -9999 -9999 -9999 -9999 -9999 -9999 -9999 -9999 0.057457037270069122314 0.056781638413667678833 0.056257341057062149048 0.05398647114634513855 0.053264748305082321167 0.049800433218479156494 0.048947285860776901245 0.046671893447637557983 0.045326806604862213135 0.043035358190536499023 0.041232421994209289551 0.041461329907178878784 0.040342878550291061401 0.039364982396364212036 0.037362687289714813232 0.037934962660074234009 0.037441719323396682739 0.038242354989051818848 0.038350690156221389771 0.037737414240837097168 0.037726320326328277588 0.038365755230188369751 0.038021929562091827393 0.037720616906881332397 0.039823208004236221313 0.040141228586435317993 0.041354324668645858765 0.042076226323843002319 0.04540523141622543335 0.047313559800386428833 0.047456413507461547852 0.047802228480577468872 0.047498591244220733643 0.047597743570804595947 0.047985229641199111938
-9999 -9999 -9999 -9999 -9999 -9999 -9999 -9999 -9999 -9999 0.056771587580442428589 0.056961432099342346191 0.054001580923795700073 0.053936600685119628906 0.051228575408458709717 0.049847058951854705811 0.045860759913921356201 0.044257998466491699219 0.042844686657190322876 0.042043738067150115967 0.040486950427293777466 0.039130128920078277588 0.039291832596063613892 0.0384272746741771698 0.037413012236356735229 0.03623417392373085022 0.036574311554431915283 0.036326471716165542603 0.036882665008306503296 0.036972705274820327759 0.036417193710803985596 0.036506101489067077637 0.036795753985643386841 0.036759909242391586304 0.036150280386209487915 0.037994369864463806152 0.038533039391040802002 0.039709530770778656006 0.040770836174488067627 0.04399229586124420166 0.046063516288995742798 0.046566002070903778076 0.047564458101987838745 0.047171622514724731445 0.047151848673820495605 0.047776781022548675537
-9999 -9999 -9999 -9999 -9999 -9999 -9999 -9999 0.056777924299240112305 0.052985217422246932983 0.054176628589630126953 0.052573289722204208374 0.050956178456544876099 0.051699943840503692627 0.047826386988162994385 0.04615713655948638916 0.042889721691608428955 0.041779924184083938599 0.04029196128249168396 0.039577752351760864258 0.038606602698564529419 0.037533573806285858154 0.037258099764585494995 0.037023261189460754395 0.036026556044816970825 0.03522250056266784668 0.035616613924503326416 0.035384662449359893799 0.035900902003049850464 0.036020733416080474854 0.035483557730913162231 0.035268604755401611328 0.035476788878440856934 0.035277660936117172241 0.035043194890022277832 0.036697585135698318481 0.036964576691389083862 0.038383748382329940796 0.039608657360076904297 0.04270008578896522522 0.044625893235206604004 0.045692242681980133057 0.047112684696912765503 0.047161206603050231934 0.047052770853042602539 0.047462459653615951538
-9999 -9999 -9999 -9999 -9999 -9999 0.052048247307538986206 0.053608074784278869629 0.055165130645036697388 0.047128811478614807129 0.047531183809041976929 0.047492843121290206909 0.04782520979642868042 0.049685016274452209473 0.044178582727909088135 0.042766809463500976563 0.040107041597366333008 0.039877150207757949829 0.039124075323343276978 0.037795308977365493774 0.037319839000701904297 0.036517918109893798828 0.036179319024085998535 0.036146324127912521362 0.034905031323432922363 0.034354619681835174561 0.034834187477827072144 0.034696362912654876709 0.035197142511606216431 0.035192206501960754395 0.03493750840425491333 0.034531015902757644653 0.034534562379121780396 0.03435023874044418335 0.034493960440158843994 0.035847686231136322021 0.036170996725559234619 0.037150360643863677979 0.038416527211666107178 0.041380401700735092163 0.043467234820127487183 0.044770807027816772461 0.046830628067255020142 0.04720357060432434082 0.047370135784149169922 0.047313380986452102661
-9999 -9999 -9999 -9999 -9999 0.047678750008344650269 0.050990663468837738037 0.047885224223136901855 0.048368673771619796753 0.03825090453028678894 0.044931821525096893311 0.044754747301340103149 0.045951444655656814575 0.046240307390689849854 0.041572779417037963867 0.041108027100563049316 0.039108965545892715454 0.038566626608371734619 0.0378495827317237854 0.036764148622751235962 0.036365386098623275757 0.035951476544141769409 0.035777941346168518066 0.035357527434825897217 0.034465827047824859619 0.033932890743017196655 0.033994253724813461304 0.033794451504945755005 0.034348543733358383179 0.034530553966760635376 0.034236609935760498047 0.033834986388683319092 0.033975448459386825562 0.033691648393869400024 0.034005213528871536255 0.035007510334253311157 0.03575107082724571228 0.036679722368717193604 0.037902459502220153809 0.04052319750189781189 0.042646668851375579834 0.04399906843900680542 0.046313393861055374146 0.046931788325309753418 0.047542821615934371948 0.047064077109098434448
-9999 -9999 -9999 0.034172873944044113159 0.045385293662548065186 0.042723063379526138306 0.044237539172172546387 0.038904853165149688721 0.041411913931369781494 0.037425946444272994995 0.046202838420867919922 0.044790033251047134399 0.043907374143600463867 0.042838361114263534546 0.040269885212182998657 0.039374284446239471436 0.038118656724691390991 0.037617318332195281982 0.037146974354982376099 0.036315053701400756836 0.035674046725034713745 0.035236753523349761963 0.035205658525228500366 0.034914325922727584839 0.034026667475700378418 0.034004412591457366943 0.033442538231611251831 0.033372882753610610962 0.033545602113008499146 0.033819757401943206787 0.033862434327602386475 0.033469203859567642212 0.033659473061561584473 0.033812038600444793701 0.034183993935585021973 0.034785918891429901123 0.035455171018838882446 0.03621457517147064209 0.037715792655944824219 0.039508614689111709595 0.041781213134527206421 0.04314179345965385437 0.045175738632678985596 0.046427451074123382568 0.047709472477436065674 0.046596746891736984253
-9999 -9999 0.033647619187831878662 0.032485306262969970703 0.033490587025880813599 0.034909989684820175171 0.039422363042831420898 0.039098918437957763672 0.041878212243318557739 0.040944207459688186646 0.043563302606344223022 0.042762570083141326904 0.042235068976879119873 0.041255742311477661133 0.039934534579515457153 0.03849222138524055481 0.037460010498762130737 0.036961350589990615845 0.036661334335803985596 0.035739846527576446533 0.035399567335844039917 0.035119451582431793213 0.034934230148792266846 0.034956298768520355225 0.034048911184072494507 0.033828966319561004639 0.033069778233766555786 0.033065106719732284546 0.032934729009866714478 0.033289533108472824097 0.033244177699089050293 0.033424157649278640747 0.033448874950408935547 0.034123390913009643555 0.034221500158309936523 0.034964069724082946777 0.035314358770847320557 0.035961374640464782715 0.037444207817316055298 0.039304122328758239746 0.041371490806341171265 0.04284233972430229187 0.044555883854627609253 0.045791920274496078491 0.047182805836200714111 0.046392943710088729858
0.032572738826274871826 0.02154669538140296936 0.029723111540079116821 0.024566974490880966187 0.030816705897450447083 0.034653283655643463135 0.037142232060432434082 0.041138041764497756958 0.043103553354740142822 0.041513342410326004028 0.044474121183156967163 0.041796460747718811035 0.041290640830993652344 0.040842559188604354858 0.039648599922657012939 0.038459159433841705322 0.037121493369340896606 0.037083610892295837402 0.037072710692882537842 0.03555905073881149292 0.035195741802453994751 0.035074535757303237915 0.034709312021732330322 0.034687492996454238892 0.033674951642751693726 0.033320568501949310303 0.03288241848349571228 0.032889228314161300659 0.032539505511522293091 0.032637875527143478394 0.0327912159264087677 0.033480025827884674072 0.033691488206386566162 0.03416695818305015564 0.03410531952977180481 0.034950766712427139282 0.034919079393148422241 0.035930793732404708862 0.037383243441581726074 0.039424054324626922607 0.041005313396453857422 0.042933631688356399536 0.044322837144136428833 0.045472383499145507813 0.047125007957220077515 0.046607337892055511475
0.032107077538967132568 0.024193106219172477722 0.029620794579386711121 0.02792412973940372467 0.034555494785308837891 0.033589553087949752808 0.038938123732805252075 0.044121328741312026978 0.044728431850671768188 0.042403750121593475342 0.043852113187313079834 0.042204450815916061401 0.040006231516599655151 0.039716653525829315186 0.038868658244609832764 0.037627942860126495361 0.037366684526205062866 0.036714926362037658691 0.036512807011604309082 0.035428069531917572021 0.035185940563678741455 0.03483883291482925415 0.034501820802688598633 0.034143555909395217896 0.033673711121082305908 0.033134501427412033081 0.033145610243082046509 0.032679174095392227173 0.032450962811708450317 0.032418671995401382446 0.032346885651350021362 0.033181887120008468628 0.033658266067504882813 0.033620741218328475952 0.03371522948145866394 0.034621134400367736816 0.034654844552278518677 0.035918273031711578369 0.037612158805131912231 0.039648413658142089844 0.040977500379085540771 0.043463807553052902222 0.044392798095941543579 0.04555816948413848877 0.04694226384162902832 0.047239311039447784424
0.021218508481979370117 0.023466998711228370667 0.034853100776672363281 0.038133863359689712524 0.040276959538459777832 0.042941160500049591064 0.044299896806478500366 0.044657360762357711792 0.048969492316246032715 0.043477095663547515869 0.043735481798648834229 0.042125232517719268799 0.039640955626964569092 0.03891043737530708313 0.038862299174070358276 0.037680964916944503784 0.037214815616607666016 0.036788113415241241455 0.036103777587413787842 0.035680845379829406738 0.035007737576961517334 0.034648779779672622681 0.034334171563386917114 0.033722467720508575439 0.033749222755432128906 0.03362194448709487915 0.033562697470188140869 0.032871022820472717285 0.032556992024183273315 0.032604329288005828857 0.032849479466676712036 0.032986123114824295044 0.033401638269424438477 0.033355336636304855347 0.033664572983980178833 0.034217741340398788452 0.034937676042318344116 0.036364376544952392578 0.038182772696018218994 0.040299970656633377075 0.041686415672302246094 0.044218488037586212158 0.045115433633327484131 0.046490903943777084351 0.047467444092035293579 0.04846269264817237854
