FMAPHMM/rasters/hexagon_map_B_res0.1_sk.asc
ncols        60
nrows        40
xllcorner    0.000000000000
yllcorner    0.000000000000
cellsize     0.100000000000
NODATA_value  nan
[rows 19 to 37 of 40, columns 0 to 42 of 60]
0.044444444444444432263 0.054784722222222220767 0.065125000000000002331 0.056173611111111104721 0.04722222222222221405 0.051600000000000000033 0.053800000000000007538 0.056000000000000008105 0.058200000000000008671 0.062155555555555561109 0.066111111111111106609 0.066777777777777769241 0.069938888888888883777 0.073099999999999984435 0.072844444444444433895 0.072588888888888869477 0.072333333333333318937 0.070722222222222214105 0.069111111111111123151 0.071666666666666670182 0.074222222222222217214 0.071666666666666670182 0.069111111111111123151 0.066444444444444458742 0.068629629629629651522 0.070814814814814816546 0.072999999999999995448 0.067777777777777784007 0.06755555555555556313 0.067333333333333342252 0.067111111111111121375 0.066111111111111120486 0.065111111111111119598 0.063111111111111117822 0.062259259259259264185 0.061407407407407410549 0.060555555555555549974 0.061111111111111116045 0.060962962962962968794 0.060814814814814828481 0.06066666666666667429 0.058722222222222231203 0.056777777777777781176
0.04779999999999999527 0.049962499999999993028 0.052124999999999997724 0.047874999999999993949 0.043624999999999990175 0.044222222222222211385 0.047296296296296287676 0.050370370370370357027 0.053444444444444440256 0.056277777777777773793 0.059111111111111114269 0.061777777777777785617 0.062111111111111116934 0.06244444444444444825 0.063796296296296295392 0.065148148148148149472 0.066500000000000003553 0.065375000000000002554 0.064250000000000001554 0.065062499999999995337 0.065875000000000002998 0.066000000000000003109 0.06612500000000000322 0.065625000000000002776 0.065666666666666664853 0.065708333333333340809 0.065750000000000002887 0.064000000000000001332 0.064208333333333339477 0.064416666666666677621 0.064625000000000001887 0.061687500000000006217 0.058750000000000003608 0.060374999999999998113 0.059416666666666659302 0.05845833333333333437 0.057500000000000002498 0.05650000000000000161 0.056875000000000008882 0.057250000000000009215 0.057625000000000002609 0.057312500000000002331 0.057000000000000002054
0.045000000000000005274 0.043222222222222224375 0.041444444444444443476 0.043944444444444438758 0.046444444444444434039 0.046666666666666661856 0.046629629629629625043 0.04659259259259258823 0.046555555555555544478 0.046999999999999986233 0.047444444444444434927 0.051700000000000002898 0.051794444444444448505 0.051888888888888887174 0.053125925925925930604 0.054362962962962960156 0.055600000000000003586 0.055550000000000002154 0.055499999999999993783 0.0552500000000000005 0.055000000000000007216 0.055100000000000010081 0.055200000000000006006 0.055499999999999993783 0.055800000000000002376 0.056099999999999997091 0.056400000000000005684 0.057099999999999997979 0.058000000000000009881 0.058900000000000007905 0.059800000000000005929 0.0567000000000000004 0.05360000000000000181 0.053300000000000000155 0.053366666666666673358 0.053433333333333339621 0.053500000000000005884 0.051099999999999999589 0.052233333333333339943 0.053366666666666673358 0.054500000000000006772 0.055000000000000007216 0.055500000000000007661
nan 0.040571428571428577725 0.037374999999999998501 0.039131944444444441422 0.040888888888888891282 0.041666666666666664354 0.040481481481481479401 0.039296296296296294448 0.038111111111111109495 0.039222222222222220822 0.040333333333333332149 0.043222222222222217436 0.043499999999999997002 0.04377777777777776963 0.044518518518518512828 0.045259259259259256025 0.045999999999999992284 0.045749999999999992062 0.04549999999999999184 0.045562499999999991895 0.045624999999999991951 0.046062499999999992339 0.046499999999999992728 0.046999999999999993172 0.047333333333333324489 0.047666666666666662744 0.04799999999999999406 0.048499999999999994504 0.049166666666666664076 0.049833333333333326709 0.050499999999999996281 0.049499999999999995393 0.048499999999999994504 0.047124999999999993283 0.047500000000000000555 0.047875000000000000888 0.048249999999999994282 0.046874999999999993061 0.048208333333333332205 0.049541666666666664409 0.050874999999999996614 0.05106249999999999678 0.051249999999999996947
nan nan 0.036142857142857143238 0.036738095238095236361 0.037333333333333329485 0.036222222222222225096 0.035222222222222224208 0.034222222222222230259 0.033222222222222229371 0.034277777777777782009 0.035333333333333334647 0.037666666666666660801 0.037533333333333328274 0.037399999999999995748 0.037866666666666659591 0.038333333333333330373 0.038799999999999994216 0.038649999999999989919 0.038499999999999992562 0.038449999999999998068 0.038399999999999996636 0.039249999999999993228 0.040099999999999996758 0.039199999999999998734 0.040333333333333332149 0.041466666666666665564 0.04259999999999999204 0.042999999999999996558 0.042799999999999997768 0.042599999999999998979 0.042400000000000000189 0.042499999999999996114 0.04259999999999999204 0.04199999999999999567 0.042699999999999994904 0.043399999999999987199 0.044099999999999986433 0.044199999999999989297 0.04489999999999999547 0.045599999999999994704 0.046299999999999993938 0.046399999999999996803 0.046499999999999992728
nan nan nan 0.035904761904761904601 0.037111111111111108607 0.031444444444444448472 0.03129629629629630122 0.031148148148148150499 0.031000000000000003247 0.031722222222222228039 0.03244444444444444936 0.03411111111111111982 0.033777777777777781565 0.033444444444444450248 0.033703703703703707939 0.033962962962962972568 0.034222222222222230259 0.034444444444444444198 0.034666666666666665075 0.034555555555555561575 0.034444444444444451137 0.034944444444444444642 0.035444444444444445086 0.03599999999999999728 0.036555555555555549474 0.037111111111111108607 0.037666666666666660801 0.038666666666666661689 0.038888888888888889506 0.039111111111111110383 0.039333333333333331261 0.038611111111111109939 0.037888888888888888618 0.038777777777777772128 0.039481481481481478513 0.040185185185185184897 0.040888888888888891282 0.041555555555555553915 0.041333333333333333037 0.04111111111111111216 0.040888888888888891282 0.042722222222222216992 0.044555555555555542702
nan nan nan 0.036000000000000011158 0.035666666666666665964 0.029777777777777778012 0.029888888888888888451 0.02999999999999999889 0.030111111111111112798 0.03072222222222222715 0.031333333333333338033 0.033000000000000008493 0.032666666666666677177 0.032333333333333338921 0.032472222222222228705 0.032611111111111111549 0.032750000000000001332 0.033125000000000001665 0.033500000000000001998 0.033437500000000001943 0.033375000000000001887 0.033437500000000001943 0.033500000000000001998 0.034500000000000002887 0.034791666666666665186 0.035083333333333341364 0.035375000000000003664 0.035250000000000003553 0.036166666666666666408 0.037083333333333336201 0.037999999999999999056 0.036437499999999997669 0.03487500000000000322 0.036499999999999997724 0.03724999999999999839 0.038000000000000005995 0.038749999999999999722 0.040000000000000000833 0.040000000000000000833 0.040000000000000007772 0.040000000000000000833 0.041562499999999995282 0.04312499999999998973
nan nan nan nan 0.035000000000000003331 0.02900000000000000494 0.029333333333333336257 0.029666666666666674512 0.030000000000000005829 0.030500000000000006273 0.031000000000000003247 0.033000000000000001554 0.033055555555555560243 0.033111111111111118932 0.032740740740740750803 0.032370370370370375734 0.032000000000000007605 0.032350000000000003753 0.032700000000000006839 0.032850000000000004197 0.033000000000000008493 0.032650000000000012346 0.032300000000000009259 0.034000000000000009381 0.034033333333333339044 0.034066666666666675645 0.034100000000000005307 0.033700000000000007727 0.035000000000000003331 0.036299999999999998934 0.037599999999999994538 0.03579999999999999849 0.034000000000000009381 0.03619999999999999607 0.036033333333333326942 0.035866666666666664753 0.035699999999999995626 0.038999999999999993006 0.039066666666666666208 0.039133333333333332471 0.039199999999999998734 0.039899999999999997968 0.040599999999999997202
nan nan nan nan nan 0.028444444444444445808 0.028925925925925927845 0.029407407407407409883 0.02988888888888889192 0.030500000000000002803 0.031111111111111113686 0.033444444444444450248 0.033722222222222229815 0.034000000000000009381 0.03333333333333333981 0.032666666666666670238 0.032000000000000000666 0.032187500000000000833 0.032375000000000000999 0.032312500000000000944 0.032250000000000000888 0.032125000000000000777 0.032000000000000000666 0.034000000000000002442 0.03416666666666667157 0.034333333333333333759 0.034500000000000002887 0.034000000000000002442 0.034416666666666671792 0.034833333333333341142 0.035250000000000003553 0.034625000000000002998 0.034000000000000002442 0.035500000000000003775 0.035208333333333341475 0.034916666666666672236 0.034625000000000002998 0.036374999999999997613 0.036916666666666667074 0.037458333333333329596 0.037999999999999999056 0.038562499999999999556 0.039125000000000000056
nan nan nan nan nan 0.028000000000000000583 0.028333333333333335369 0.028666666666666670155 0.029000000000000001471 0.030666666666666668462 0.032333333333333338921 0.033444444444444450248 0.033388888888888898498 0.03333333333333333981 0.033122222222222233445 0.032911111111111120142 0.032700000000000006839 0.032850000000000004197 0.033000000000000008493 0.032500000000000008049 0.032000000000000007605 0.032000000000000007605 0.032000000000000007605 0.034600000000000005751 0.034733333333333338278 0.034866666666666670804 0.03500000000000001027 0.034500000000000009825 0.03460000000000001269 0.034700000000000008615 0.03480000000000001148 0.034300000000000011036 0.033800000000000010592 0.033300000000000010147 0.033400000000000006073 0.033500000000000008937 0.033600000000000004863 0.035300000000000011924 0.036066666666666670482 0.036833333333333335979 0.037599999999999994538 0.038299999999999993772 0.038999999999999993006
nan nan nan nan nan nan 0.028333333333333335369 0.028666666666666666685 0.029000000000000001471 0.03105000000000000121 0.033100000000000004419 0.032000000000000007605 0.03250000000000000111 0.033000000000000001554 0.033000000000000001554 0.033000000000000001554 0.033000000000000001554 0.033222222222222222432 0.033444444444444450248 0.032777777777777780677 0.032111111111111118044 0.032111111111111118044 0.032111111111111118044 0.034000000000000002442 0.03448148148148148795 0.034962962962962966518 0.035444444444444452025 0.034444444444444451137 0.034074074074074083007 0.033703703703703714878 0.03333333333333333981 0.032944444444444449804 0.032555555555555559799 0.032000000000000000666 0.032481481481481486173 0.03296296296296297168 0.033444444444444450248 0.036444444444444439035 0.0366296296296296231 0.036814814814814814103 0.036999999999999998168 0.038222222222222219934 0.0394444444444444417
nan nan nan nan nan nan nan 0.028666666666666670155 0.029000000000000001471 0.030166666666666668017 0.031333333333333338033 0.031888888888888890227 0.03244444444444444936 0.033000000000000008493 0.033296296296296309936 0.0335925925925925975 0.033888888888888892004 0.03422222222222222332 0.034555555555555561575 0.033888888888888898943 0.033222222222222229371 0.03333333333333333981 0.033444444444444450248 0.034000000000000002442 0.034666666666666672014 0.035333333333333334647 0.03599999999999999728 0.035000000000000003331 0.034333333333333340698 0.033666666666666664187 0.033000000000000001554 0.032555555555555559799 0.032111111111111118044 0.03244444444444444936 0.033185185185185192558 0.033925925925925928817 0.034666666666666672014 0.037444444444444439923 0.037296296296296292672 0.03714814814814814542 0.036999999999999998168 0.038222222222222219934 0.0394444444444444417
nan nan nan nan nan nan nan nan 0.029000000000000001471 0.028833333333333335813 0.028666666666666666685 0.031000000000000003247 0.032166666666666669794 0.03333333333333333981 0.033962962962962972568 0.034592592592592598388 0.035222222222222231147 0.034722222222222230703 0.034222222222222230259 0.034500000000000002887 0.034777777777777782453 0.034555555555555561575 0.034333333333333340698 0.035222222222222231147 0.035481481481481488838 0.035740740740740739589 0.03599999999999999728 0.035000000000000003331 0.034407407407407414324 0.033814814814814825317 0.033222222222222229371 0.033277777777777781121 0.03333333333333333981 0.034222222222222230259 0.034592592592592605327 0.034962962962962973457 0.035333333333333341586 0.037999999999999999056 0.03792592592592592543 0.037851851851851844866 0.03777777777777777124 0.038388888888888889062 0.038999999999999999944
nan nan nan nan nan nan nan nan 0.026999999999999999695 0.028500000000000001027 0.027222222222222220572 0.030888888888888892809 0.032277777777777780233 0.033666666666666671126 0.034486111111111113214 0.035305555555555562242 0.036124999999999997391 0.035062499999999996447 0.034000000000000002442 0.035187499999999996558 0.036374999999999997613 0.036062499999999997335 0.035750000000000003997 0.03599999999999999728 0.036124999999999997391 0.036249999999999997502 0.036374999999999997613 0.035875000000000004108 0.035625000000000003886 0.035375000000000003664 0.035125000000000003442 0.03487500000000000322 0.034625000000000002998 0.035500000000000003775 0.035958333333333335202 0.03641666666666666663 0.036874999999999998057 0.038124999999999999167 0.0384999999999999995 0.038875000000000006772 0.039250000000000000167 0.039125000000000000056 0.038999999999999999944
nan nan nan nan nan nan nan nan nan 0.027333333333333334481 0.028000000000000000583 0.029800000000000003569 0.031233333333333335169 0.032666666666666670238 0.034037037037037039255 0.035407407407407401334 0.036777777777777770352 0.035388888888888886397 0.034000000000000002442 0.035000000000000003331 0.03599999999999999728 0.03599999999999999728 0.03599999999999999728 0.036999999999999998168 0.037222222222222219046 0.037444444444444439923 0.037666666666666660801 0.036555555555555549474 0.03688888888888888079 0.037222222222222219046 0.037555555555555550362 0.036944444444444439479 0.036333333333333328596 0.036222222222222218158 0.036888888888888887729 0.037555555555555550362 0.038222222222222219934 0.038999999999999999944 0.038999999999999999944 0.038999999999999999944 0.038999999999999999944 0.03938888888888888995 0.039777777777777773016
nan nan nan nan nan nan nan nan nan nan 0.027250000000000003386 0.027777777777777776236 0.029388888888888891476 0.031000000000000006717 0.032666666666666670238 0.034333333333333333759 0.035999999999999990341 0.035500000000000003775 0.03500000000000001027 0.035500000000000003775 0.035999999999999990341 0.03659999999999999365 0.037199999999999996958 0.037899999999999996192 0.037933333333333325854 0.037966666666666662455 0.037999999999999992117 0.036499999999999990785 0.037333333333333322546 0.038166666666666661245 0.038999999999999993006 0.038599999999999995426 0.038199999999999997846 0.037599999999999994538 0.038333333333333330373 0.039066666666666666208 0.039799999999999995104 0.03949999999999999345 0.039533333333333323112 0.039566666666666666652 0.039599999999999996314 0.039999999999999993894 0.040399999999999998412
nan nan nan nan nan nan nan nan nan nan nan 0.025888888888888888368 0.027944444444444445363 0.030000000000000002359 0.03192592592592592704 0.033851851851851848252 0.035777777777777769463 0.035833333333333328152 0.035888888888888886841 0.036333333333333328596 0.036777777777777770352 0.037722222222222212551 0.038666666666666661689 0.037111111111111108607 0.037111111111111108607 0.037111111111111108607 0.037111111111111108607 0.035111111111111113769 0.035888888888888886841 0.036666666666666666852 0.037444444444444439923 0.037944444444444440367 0.038444444444444440812 0.038999999999999999944 0.039333333333333331261 0.039666666666666669516 0.040000000000000000833 0.039111111111111110383 0.039666666666666669516 0.040222222222222214771 0.040777777777777773904 0.04122222222222221566 0.041666666666666657415
nan nan nan nan nan nan nan nan nan nan nan 0.025999999999999998807 0.027388888888888886231 0.028777777777777777124 0.03051851851851852121 0.032259259259259265296 0.034000000000000002442 0.035312499999999996669 0.036624999999999997835 0.037062499999999998224 0.037499999999999998612 0.037874999999999998945 0.038249999999999999278 0.036249999999999997502 0.036708333333333328929 0.037166666666666667296 0.037624999999999998723 0.035125000000000003442 0.035125000000000003442 0.035125000000000003442 0.035125000000000003442 0.037062499999999998224 0.038999999999999999944 0.038999999999999999944 0.038708333333333330706 0.038416666666666668406 0.038124999999999999167 0.036499999999999997724 0.037999999999999999056 0.039500000000000007327 0.041000000000000001721 0.041499999999999995226 0.04199999999999999567
nan nan nan nan nan nan nan nan nan nan nan nan 0.025999999999999998807 0.0269000000000000003 0.028933333333333338677 0.030966666666666677055 0.033000000000000008493 0.03454999999999999738 0.036099999999999993205 0.036049999999999991773 0.035999999999999990341 0.036299999999999991995 0.03659999999999999365 0.034999999999999996392 0.035766666666666661889 0.036533333333333334325 0.037299999999999992883 0.035199999999999995182 0.035366666666666671248 0.035533333333333340376 0.035700000000000009504 0.036950000000000003675 0.038199999999999997846 0.037799999999999993328 0.037299999999999992883 0.036799999999999992439 0.036299999999999991995 0.035999999999999990341 0.037299999999999992883 0.038599999999999995426 0.039899999999999997968 0.04014999999999999819 0.040399999999999998412
