FMAPHMM/rasters/hexagon_map_B_res0.1_sk.asc
ncols        60
nrows        40
xllcorner    0.000000000000
yllcorner    0.000000000000
cellsize     0.100000000000
NODATA_value  nan
[rows 0 to 18 of 40, columns 0 to 42 of 60]
nan nan nan nan nan nan nan nan nan nan nan nan nan nan nan nan 0.031000000000000003247 0.031000000000000003247 0.031000000000000003247 0.031500000000000000222 0.032000000000000000666 0.032000000000000000666 0.032000000000000000666 0.032000000000000000666 0.032333333333333331983 0.032666666666666670238 0.033000000000000001554 0.033111111111111118932 0.033111111111111118932 0.033111111111111118932 0.033111111111111118932 0.033055555555555560243 0.033000000000000001554 0.033111111111111118932 0.033074074074074082119 0.033037037037037038367 0.033000000000000001554 0.032666666666666670238 0.032777777777777780677 0.032888888888888891116 0.033000000000000001554 0.032944444444444442865 0.032888888888888891116
nan nan nan nan nan nan nan nan nan nan nan nan nan 0.029571428571428571425 0.030047619047619048699 0.030523809523809522504 0.031000000000000003247 0.031000000000000003247 0.031000000000000003247 0.031444444444444448472 0.031888888888888890227 0.03166666666666666935 0.031444444444444448472 0.031888888888888890227 0.032074074074074074292 0.032259259259259265296 0.03244444444444444936 0.032888888888888891116 0.032925925925925927928 0.032962962962962964741 0.033000000000000001554 0.032944444444444442865 0.032888888888888891116 0.03244444444444444936 0.03218518518518519167 0.03192592592592592704 0.03166666666666666935 0.031111111111111113686 0.031518518518518522098 0.03192592592592592704 0.032333333333333338921 0.031888888888888897166 0.031444444444444448472
nan nan nan nan nan nan nan nan nan nan nan nan 0.029285714285714286448 0.030400000000000003408 0.030600000000000009137 0.030800000000000007927 0.031000000000000006717 0.031000000000000006717 0.031000000000000006717 0.031000000000000006717 0.031000000000000006717 0.03065000000000000363 0.030300000000000004013 0.031000000000000006717 0.031333333333333338033 0.031666666666666676289 0.032000000000000007605 0.032000000000000007605 0.032133333333333340132 0.032266666666666672658 0.032400000000000005185 0.032700000000000006839 0.033000000000000008493 0.031500000000000007161 0.031333333333333344972 0.031166666666666675845 0.031000000000000006717 0.031000000000000006717 0.031200000000000005507 0.031400000000000004297 0.031600000000000003086 0.031300000000000008371 0.031000000000000006717
nan nan nan nan nan nan nan nan nan nan nan 0.029000000000000001471 0.030000000000000002359 0.031000000000000003247 0.030999999999999999778 0.031000000000000003247 0.031000000000000003247 0.031000000000000003247 0.031000000000000003247 0.0307777777777777789 0.030555555555555558023 0.030666666666666668462 0.0307777777777777789 0.031000000000000003247 0.031148148148148150499 0.03129629629629630122 0.031444444444444448472 0.032000000000000000666 0.03166666666666666935 0.031333333333333338033 0.031000000000000003247 0.031833333333333338477 0.032666666666666670238 0.030888888888888892809 0.030666666666666668462 0.030444444444444447584 0.030222222222222223237 0.031000000000000003247 0.030740740740740742087 0.030481481481481484397 0.030222222222222223237 0.030611111111111113242 0.031000000000000003247
nan nan nan nan nan nan nan nan nan nan nan 0.030000000000000002359 0.030500000000000002803 0.031000000000000003247 0.030962962962962966434 0.030925925925925926152 0.030888888888888892809 0.030944444444444448028 0.031000000000000003247 0.030888888888888889339 0.0307777777777777789 0.030888888888888889339 0.031000000000000003247 0.031000000000000003247 0.031000000000000003247 0.030999999999999999778 0.031000000000000003247 0.031000000000000003247 0.031000000000000003247 0.030999999999999999778 0.031000000000000003247 0.031500000000000000222 0.032000000000000000666 0.030000000000000002359 0.030000000000000005829 0.030000000000000002359 0.030000000000000002359 0.030555555555555558023 0.030222222222222226706 0.02988888888888889192 0.029555555555555557135 0.029777777777777778012 0.030000000000000002359
nan nan nan nan nan nan nan nan nan nan 0.029214285714285713469 0.030111111111111112798 0.030405555555555560665 0.030700000000000005063 0.030675000000000000877 0.03065000000000000363 0.030624999999999999445 0.030812499999999999611 0.030999999999999999778 0.030999999999999999778 0.030999999999999999778 0.030999999999999999778 0.030999999999999999778 0.030999999999999999778 0.031000000000000003247 0.030999999999999999778 0.030999999999999999778 0.030999999999999999778 0.030999999999999999778 0.031000000000000003247 0.030999999999999999778 0.031500000000000000222 0.032000000000000000666 0.030249999999999999112 0.030166666666666668017 0.030083333333333329984 0.02999999999999999889 0.02999999999999999889 0.029374999999999998335 0.02874999999999999778 0.028125000000000000694 0.029062499999999998057 0.02999999999999999889
nan nan nan nan nan nan nan nan nan 0.029285714285714282978 0.029857142857142856401 0.031000000000000006717 0.030500000000000006273 0.030000000000000002359 0.030074074074074075985 0.03014814814814815308 0.030222222222222223237 0.030611111111111113242 0.031000000000000003247 0.031000000000000003247 0.031000000000000003247 0.031000000000000003247 0.031000000000000003247 0.031000000000000003247 0.030851851851851855996 0.030703703703703705274 0.030555555555555558023 0.031000000000000003247 0.031444444444444448472 0.031888888888888890227 0.032333333333333338921 0.032166666666666669794 0.032000000000000000666 0.031444444444444448472 0.030962962962962966434 0.030481481481481484397 0.030000000000000002359 0.030000000000000002359 0.029481481481481483509 0.028962962962962964658 0.028444444444444445808 0.028944444444444446252 0.029444444444444446696
nan nan nan nan nan nan nan nan 0.029857142857142859871 0.029428571428571428936 0.030111111111111112798 0.030333333333333337145 0.030277777777777778456 0.030222222222222223237 0.030481481481481484397 0.030740740740740749026 0.031000000000000006717 0.031000000000000006717 0.031000000000000006717 0.031000000000000006717 0.031000000000000006717 0.031000000000000006717 0.031000000000000006717 0.031000000000000006717 0.030900000000000003852 0.030800000000000007927 0.030700000000000005063 0.031000000000000006717 0.031966666666666671004 0.03293333333333334223 0.033900000000000006517 0.032950000000000007061 0.032000000000000007605 0.033600000000000004863 0.032666666666666670238 0.031733333333333335613 0.030800000000000004458 0.030000000000000005829 0.02983333333333334017 0.029666666666666674512 0.029500000000000005385 0.029950000000000004396 0.030400000000000003408
nan nan nan nan nan nan nan nan 0.029000000000000001471 0.030000000000000002359 0.031000000000000003247 0.031000000000000003247 0.031000000000000003247 0.031000000000000003247 0.030999999999999999778 0.031000000000000003247 0.031000000000000003247 0.031277777777777779344 0.031555555555555558911 0.03166666666666666935 0.031777777777777779789 0.031333333333333338033 0.030888888888888892809 0.031000000000000003247 0.030999999999999999778 0.031000000000000003247 0.031000000000000003247 0.032000000000000000666 0.032333333333333338921 0.032666666666666663299 0.033000000000000001554 0.033166666666666670682 0.03333333333333333981 0.034000000000000002442 0.03333333333333333981 0.032666666666666670238 0.032000000000000000666 0.030222222222222223237 0.030851851851851855996 0.031481481481481485285 0.032111111111111118044 0.03250000000000000111 0.032888888888888891116
nan nan nan nan nan nan nan 0.029571428571428567955 0.02911111111111111191 0.030222222222222226706 0.031333333333333338033 0.031555555555555558911 0.031777777777777779789 0.032000000000000007605 0.03181481481481482354 0.031629629629629632537 0.031444444444444448472 0.031833333333333338477 0.032222222222222228483 0.032111111111111118044 0.032000000000000000666 0.030999999999999999778 0.030000000000000002359 0.031000000000000003247 0.031111111111111117156 0.031222222222222227594 0.031333333333333338033 0.03166666666666666935 0.032111111111111118044 0.032555555555555559799 0.033000000000000001554 0.033500000000000001998 0.034000000000000002442 0.034000000000000002442 0.0335925925925925975 0.033185185185185192558 0.032777777777777780677 0.031333333333333338033 0.032370370370370375734 0.033407407407407413436 0.034444444444444451137 0.034666666666666672014 0.034888888888888892892
nan nan nan nan nan nan 0.030142857142857144848 0.030052910052910053462 0.030333333333333337145 0.031316666666666673202 0.032300000000000009259 0.032500000000000008049 0.032472222222222228705 0.03244444444444444936 0.032337962962962964186 0.032231481481481485951 0.032125000000000000777 0.032562500000000001166 0.033000000000000001554 0.032937500000000001499 0.032875000000000001443 0.031750000000000000444 0.030624999999999999445 0.031500000000000000222 0.032208333333333331872 0.03291666666666667046 0.033625000000000002109 0.032750000000000001332 0.032833333333333332427 0.03291666666666667046 0.033000000000000001554 0.033500000000000001998 0.034000000000000002442 0.034750000000000003109 0.03416666666666667157 0.033583333333333333093 0.033000000000000001554 0.032250000000000000888 0.033500000000000001998 0.03474999999999999617 0.03599999999999999728 0.035812499999999997113 0.035625000000000003886
nan nan nan nan nan 0.030714285714285714801 0.031031746031746035297 0.031349206349206348854 0.03166666666666666935 0.032666666666666670238 0.033666666666666671126 0.033666666666666671126 0.033388888888888898498 0.033111111111111118932 0.033074074074074082119 0.033037037037037038367 0.033000000000000001554 0.03338888888888889156 0.033777777777777781565 0.033888888888888892004 0.034000000000000002442 0.033222222222222222432 0.03244444444444444936 0.033888888888888892004 0.034074074074074083007 0.034259259259259267072 0.034444444444444451137 0.034333333333333340698 0.034000000000000009381 0.033666666666666678065 0.03333333333333333981 0.034333333333333340698 0.035333333333333341586 0.035000000000000003331 0.034444444444444451137 0.033888888888888898943 0.03333333333333333981 0.033555555555555560687 0.034925925925925929705 0.036296296296296298722 0.037666666666666660801 0.038111111111111109495 0.03855555555555555125
nan nan nan nan nan 0.032200000000000006395 0.032725925925925936077 0.033251851851851858821 0.033777777777777781565 0.034888888888888892892 0.036000000000000004219 0.036666666666666659913 0.035833333333333335091 0.03500000000000001027 0.034700000000000008615 0.034400000000000006961 0.034100000000000005307 0.034550000000000011258 0.03500000000000001027 0.035600000000000006639 0.03619999999999999607 0.035750000000000003997 0.035300000000000011924 0.035800000000000012368 0.03603333333333334082 0.036266666666666669272 0.036499999999999997724 0.036499999999999997724 0.036000000000000004219 0.035500000000000003775 0.03500000000000001027 0.036049999999999998712 0.037099999999999994094 0.036699999999999996514 0.036433333333333331461 0.036166666666666673347 0.035900000000000008293 0.035900000000000008293 0.037133333333333337634 0.038366666666666666974 0.039599999999999996314 0.040449999999999992906 0.041299999999999989497
nan nan nan nan 0.036333333333333328596 0.035111111111111120708 0.035940740740740745318 0.036770370370370376867 0.037600000000000001477 0.038744444444444442466 0.039888888888888890394 0.040777777777777773904 0.0394444444444444417 0.038111111111111109495 0.037888888888888888618 0.037666666666666660801 0.037444444444444439923 0.03777777777777777124 0.038111111111111109495 0.038222222222222219934 0.038333333333333330373 0.038333333333333330373 0.038333333333333330373 0.038444444444444440812 0.038777777777777772128 0.039111111111111110383 0.0394444444444444417 0.039333333333333331261 0.039148148148148147196 0.038962962962962963132 0.038777777777777772128 0.039222222222222213883 0.039666666666666662577 0.04022222222222222171 0.040333333333333332149 0.040444444444444449527 0.040555555555555553027 0.039777777777777773016 0.041296296296296289285 0.042814814814814805555 0.044333333333333321824 0.043666666666666659191 0.042999999999999989619
nan nan nan 0.036682539682539684611 0.037888888888888888618 0.039666666666666662577 0.040999999999999994782 0.042333333333333326987 0.043666666666666659191 0.044777777777777770518 0.045888888888888881845 0.045799999999999993494 0.044288888888888877648 0.042777777777777768742 0.042555555555555547864 0.042333333333333333925 0.042111111111111106109 0.042222222222222216548 0.042333333333333326987 0.042666666666666658303 0.042999999999999989619 0.042999999999999989619 0.042999999999999989619 0.042999999999999989619 0.043259259259259254249 0.043518518518518511939 0.04377777777777776963 0.043222222222222210497 0.04325925925925924731 0.043296296296296284123 0.043333333333333320936 0.043555555555555541813 0.04377777777777776963 0.044999999999999991396 0.045037037037037028209 0.045074074074074071961 0.045111111111111101835 0.043555555555555541813 0.044592592592592586453 0.045629629629629624155 0.046666666666666661856 0.045999999999999992284 0.045333333333333322712
nan nan nan 0.040087301587301588102 0.043111111111111100058 0.046444444444444434039 0.047925925925925920434 0.04940740740740740683 0.050888888888888886286 0.052333333333333328929 0.053777777777777778512 0.053999999999999999389 0.052555555555555549807 0.051111111111111107164 0.050699074074074070018 0.050287037037037032872 0.049874999999999995726 0.04981249999999999567 0.049749999999999995615 0.050437499999999996225 0.051124999999999996836 0.050312499999999996114 0.049499999999999995393 0.048999999999999994948 0.049208333333333326154 0.049416666666666664298 0.049624999999999995504 0.048124999999999994171 0.04841666666666666341 0.04870833333333332571 0.048999999999999994948 0.048624999999999994615 0.048249999999999994282 0.049499999999999995393 0.049249999999999995171 0.049000000000000001887 0.048749999999999994726 0.045874999999999992173 0.046958333333333324155 0.048041666666666663077 0.04912499999999999506 0.048624999999999994615 0.048124999999999994171
nan nan 0.042285714285714280647 0.044476190476190474721 0.046666666666666661856 0.051777777777777776735 0.053555555555555564573 0.055333333333333331594 0.057111111111111112493 0.058666666666666672514 0.060222222222222225596 0.062888888888888896944 0.062344444444444452325 0.061800000000000007705 0.060977777777777783519 0.060155555555555559333 0.059333333333333335147 0.05900000000000000383 0.058666666666666672514 0.05894444444444445208 0.059222222222222224708 0.05822222222222222382 0.057222222222222222932 0.056888888888888891615 0.056851851851851861741 0.056814814814814817989 0.056777777777777781176 0.052555555555555549807 0.053703703703703704886 0.054851851851851846087 0.056000000000000001166 0.054666666666666668961 0.053333333333333329818 0.054444444444444441145 0.053592592592592594447 0.052740740740740740811 0.051888888888888887174 0.048333333333333325377 0.049037037037037031761 0.049740740740740731207 0.050444444444444437592 0.050722222222222217158 0.050999999999999996725
nan 0.042642857142857142072 0.046249999999999992506 0.045013888888888881068 0.04377777777777776963 0.050999999999999996725 0.052592592592592593559 0.054185185185185183454 0.055777777777777780288 0.05916666666666665908 0.062555555555555544811 0.069333333333333316273 0.070166666666666654972 0.07100000000000000755 0.069666666666666682284 0.06833333333333334314 0.067000000000000017875 0.065950000000000008615 0.064899999999999999356 0.065900000000000000244 0.066900000000000001132 0.066299999999999997824 0.065700000000000008393 0.065299999999999996936 0.064933333333333329018 0.064566666666666661101 0.064199999999999993183 0.05880000000000000504 0.060799999999999999878 0.062799999999999994715 0.064799999999999996492 0.061200000000000004396 0.057600000000000005362 0.060000000000000011657 0.058633333333333342852 0.057266666666666680985 0.05590000000000000524 0.055600000000000003586 0.055333333333333338533 0.055066666666666666541 0.054800000000000001488 0.053900000000000003464 0.05300000000000000544
0.043000000000000003497 0.051000000000000003664 0.05900000000000000383 0.051888888888888887174 0.044777777777777770518 0.050666666666666665408 0.051703703703703710048 0.052740740740740740811 0.053777777777777778512 0.058611111111111113825 0.063444444444444442199 0.070999999999999993672 0.073166666666666657637 0.075333333333333321602 0.074185185185185173462 0.0730370370370370392 0.07188888888888889106 0.069944444444444447972 0.068000000000000004885 0.069777777777777785784 0.071555555555555566682 0.071055555555555566238 0.070555555555555551916 0.067333333333333342252 0.068074074074074092389 0.068814814814814828647 0.069555555555555564906 0.065222222222222223098 0.066370370370370385116 0.067518518518518533256 0.068666666666666681396 0.066277777777777782675 0.063888888888888883955 0.06244444444444444825 0.061629629629629631427 0.060814814814814821542 0.060000000000000004718 0.062000000000000006495 0.061444444444444447362 0.060888888888888895168 0.060333333333333336035 0.057555555555555554248 0.0547777777777777794
