FMAPHMM/diamond/rasters/map_A.asc
ncols        60
nrows        39
xllcorner    0.000000000000
yllcorner    0.099608056000
cellsize     0.100000000000
NODATA_value  -9999
[rows 0 to 19 of 39, columns 0 to 45 of 60]
-9999.0 -9999 -9999 -9999 -9999 -9999 -9999 -9999 -9999 -9999 -9999 -9999 -9999 -9999 -9999 -9999 -9999 -9999 -9999 -9999 -9999 -9999 -9999 -9999 -9999 -9999 -9999 -9999 -9999 0.052999999374151229858 0.052000001072883605957 0.050999999046325683594 -9999 -9999 -9999 -9999 -9999 -9999 -9999 -9999 -9999 -9999 -9999 -9999 -9999 -9999
-9999 -9999 -9999 -9999 -9999 -9999 -9999 -9999 -9999 -9999 -9999 -9999 -9999 -9999 -9999 -9999 -9999 -9999 -9999 -9999 -9999 -9999 -9999 -9999 -9999 -9999 -9999 0.056000001728534698486 0.052999999374151229858 0.054999999701976776123 0.054999999701976776123 0.050999999046325683594 0.052999999374151229858 0.050999999046325683594 -9999 -9999 -9999 -9999 -9999 -9999 -9999 -9999 -9999 -9999 -9999 -9999
-9999 -9999 -9999 -9999 -9999 -9999 -9999 -9999 -9999 -9999 -9999 -9999 -9999 -9999 -9999 -9999 -9999 -9999 -9999 -9999 -9999 -9999 -9999 -9999 -9999 -9999 0.056000001728534698486 0.056000001728534698486 0.054999999701976776123 0.057000000029802322388 0.057999998331069946289 0.052000001072883605957 0.052999999374151229858 0.052000001072883605957 0.050999999046325683594 -9999 -9999 -9999 -9999 -9999 -9999 -9999 -9999 -9999 -9999 -9999
-9999 -9999 -9999 -9999 -9999 -9999 -9999 -9999 -9999 -9999 -9999 -9999 -9999 -9999 -9999 -9999 -9999 -9999 -9999 -9999 -9999 -9999 -9999 -9999 0.057000000029802322388 0.057999998331069946289 0.059000000357627868652 0.057999998331069946289 0.057999998331069946289 0.057000000029802322388 0.057999998331069946289 0.054999999701976776123 0.054000001400709152222 0.054999999701976776123 0.054000001400709152222 0.048999998718500137329 0.052999999374151229858 -9999 -9999 -9999 -9999 -9999 -9999 -9999 -9999 -9999
-9999 -9999 -9999 -9999 -9999 -9999 -9999 -9999 -9999 -9999 -9999 -9999 -9999 -9999 -9999 -9999 -9999 -9999 -9999 -9999 -9999 -9999 0.059000000357627868652 0.057999998331069946289 0.057999998331069946289 0.059999998658895492554 0.057999998331069946289 0.059000000357627868652 0.059000000357627868652 0.059000000357627868652 0.057999998331069946289 0.056000001728534698486 0.056000001728534698486 0.054999999701976776123 0.054999999701976776123 0.052000001072883605957 0.052999999374151229858 0.052000001072883605957 0.050999999046325683594 -9999 -9999 -9999 -9999 -9999 -9999 -9999
-9999 -9999 -9999 -9999 -9999 -9999 -9999 -9999 -9999 -9999 -9999 -9999 -9999 -9999 -9999 -9999 -9999 -9999 -9999 -9999 -9999 0.061000000685453414917 0.059000000357627868652 0.059999998658895492554 0.059999998658895492554 0.057999998331069946289 0.059000000357627868652 0.057000000029802322388 0.056000001728534698486 0.057000000029802322388 0.057000000029802322388 0.057999998331069946289 0.057999998331069946289 0.056000001728534698486 0.054999999701976776123 0.054999999701976776123 0.054000001400709152222 0.054000001400709152222 0.050999999046325683594 0.050000000745058059692 -9999 -9999 -9999 -9999 -9999 -9999
-9999 -9999 -9999 -9999 -9999 -9999 -9999 -9999 -9999 -9999 -9999 -9999 -9999 -9999 -9999 -9999 -9999 -9999 -9999 0.061000000685453414917 0.061999998986721038818 0.061000000685453414917 0.059999998658895492554 0.059999998658895492554 0.059000000357627868652 0.057000000029802322388 0.057000000029802322388 0.056000001728534698486 0.056000001728534698486 0.057000000029802322388 0.056000001728534698486 0.056000001728534698486 0.056000001728534698486 0.054000001400709152222 0.054999999701976776123 0.057000000029802322388 0.052999999374151229858 0.052999999374151229858 0.052000001072883605957 0.050000000745058059692 0.032999999821186065674 0.048999998718500137329 -9999 -9999 -9999 -9999
-9999 -9999 -9999 -9999 -9999 -9999 -9999 -9999 -9999 -9999 -9999 -9999 -9999 -9999 -9999 -9999 -9999 -9999 0.061999998986721038818 0.061000000685453414917 0.059999998658895492554 0.059000000357627868652 0.061000000685453414917 0.054999999701976776123 0.057000000029802322388 0.052999999374151229858 0.052999999374151229858 0.052999999374151229858 0.052999999374151229858 0.054000001400709152222 0.052999999374151229858 0.054999999701976776123 0.054999999701976776123 0.054000001400709152222 0.054000001400709152222 0.054000001400709152222 0.054000001400709152222 0.054000001400709152222 0.054999999701976776123 0.050999999046325683594 0.026000000536441802979 0.048999998718500137329 0.048999998718500137329 -9999 -9999 -9999
-9999 -9999 -9999 -9999 -9999 -9999 -9999 -9999 -9999 -9999 -9999 -9999 -9999 -9999 -9999 -9999 0.061999998986721038818 0.061999998986721038818 0.061000000685453414917 0.059000000357627868652 0.059000000357627868652 0.059999998658895492554 0.054999999701976776123 0.054999999701976776123 0.054000001400709152222 0.052000001072883605957 0.052999999374151229858 0.052999999374151229858 0.052000001072883605957 0.052999999374151229858 0.050000000745058059692 0.052000001072883605957 0.052999999374151229858 0.052999999374151229858 0.052000001072883605957 0.052999999374151229858 0.052000001072883605957 0.054999999701976776123 0.054000001400709152222 0.052999999374151229858 0.048000000417232513428 0.052000001072883605957 0.050000000745058059692 0.050000000745058059692 0.052999999374151229858 -9999
-9999 -9999 -9999 -9999 -9999 -9999 -9999 -9999 -9999 -9999 -9999 -9999 -9999 -9999 0.061999998986721038818 0.061999998986721038818 0.061999998986721038818 0.061999998986721038818 0.059999998658895492554 0.061000000685453414917 0.054000001400709152222 0.054999999701976776123 0.052999999374151229858 0.052999999374151229858 0.052999999374151229858 0.050999999046325683594 0.052000001072883605957 0.050000000745058059692 0.050000000745058059692 0.050999999046325683594 0.046999998390674591064 0.050000000745058059692 0.050000000745058059692 0.050000000745058059692 0.048999998718500137329 0.050000000745058059692 0.050999999046325683594 0.050000000745058059692 0.052999999374151229858 0.054999999701976776123 0.052000001072883605957 0.050000000745058059692 0.052000001072883605957 0.050000000745058059692 0.052999999374151229858 0.052000001072883605957
-9999 -9999 -9999 -9999 -9999 -9999 -9999 -9999 -9999 -9999 -9999 -9999 -9999 0.064999997615814208984 0.061000000685453414917 0.061000000685453414917 0.059999998658895492554 0.059000000357627868652 0.057000000029802322388 0.052999999374151229858 0.052999999374151229858 0.050999999046325683594 0.054000001400709152222 0.048999998718500137329 0.048999998718500137329 0.046999998390674591064 0.048000000417232513428 0.048000000417232513428 0.048999998718500137329 0.046999998390674591064 0.046999998390674591064 0.048000000417232513428 0.048000000417232513428 0.048000000417232513428 0.046999998390674591064 0.050000000745058059692 0.048999998718500137329 0.048999998718500137329 0.050000000745058059692 0.052999999374151229858 0.052000001072883605957 0.052000001072883605957 0.052000001072883605957 0.050000000745058059692 0.052000001072883605957 0.050999999046325683594
-9999 -9999 -9999 -9999 -9999 -9999 -9999 -9999 -9999 -9999 -9999 0.064999997615814208984 0.064999997615814208984 0.064000003039836883545 0.059999998658895492554 0.061000000685453414917 0.059000000357627868652 0.057999998331069946289 0.054999999701976776123 0.052000001072883605957 0.050999999046325683594 0.048000000417232513428 0.050999999046325683594 0.048999998718500137329 0.046999998390674591064 0.045000001788139343262 0.046999998390674591064 0.045000001788139343262 0.046999998390674591064 0.045000001788139343262 0.043999999761581420898 0.043999999761581420898 0.043999999761581420898 0.046000000089406967163 0.043999999761581420898 0.046000000089406967163 0.046999998390674591064 0.046000000089406967163 0.048999998718500137329 0.052000001072883605957 0.052999999374151229858 0.052999999374151229858 0.052999999374151229858 0.050999999046325683594 0.050999999046325683594 0.050999999046325683594
-9999 -9999 -9999 -9999 -9999 -9999 -9999 -9999 -9999 -9999 0.067000001668930053711 0.064999997615814208984 0.061999998986721038818 0.063000001013278961182 0.059999998658895492554 0.059999998658895492554 0.056000001728534698486 0.052999999374151229858 0.050999999046325683594 0.050000000745058059692 0.048000000417232513428 0.046000000089406967163 0.048000000417232513428 0.046000000089406967163 0.045000001788139343262 0.043999999761581420898 0.043999999761581420898 0.043000001460313796997 0.043999999761581420898 0.043999999761581420898 0.043000001460313796997 0.043999999761581420898 0.045000001788139343262 0.043999999761581420898 0.043000001460313796997 0.045000001788139343262 0.045000001788139343262 0.046000000089406967163 0.046000000089406967163 0.052000001072883605957 0.050999999046325683594 0.052999999374151229858 0.052999999374151229858 0.052000001072883605957 0.052000001072883605957 0.050999999046325683594
-9999 -9999 -9999 -9999 -9999 -9999 -9999 -9999 0.063000001013278961182 0.056000001728534698486 0.064000003039836883545 0.061000000685453414917 0.057999998331069946289 0.057000000029802322388 0.059000000357627868652 0.056000001728534698486 0.048999998718500137329 0.048000000417232513428 0.046999998390674591064 0.046999998390674591064 0.046000000089406967163 0.043000001460313796997 0.045000001788139343262 0.043000001460313796997 0.041999999433755874634 0.041999999433755874634 0.041000001132488250732 0.041000001132488250732 0.043000001460313796997 0.043000001460313796997 0.041999999433755874634 0.041999999433755874634 0.041000001132488250732 0.043000001460313796997 0.041000001132488250732 0.043000001460313796997 0.043999999761581420898 0.043999999761581420898 0.046000000089406967163 0.048000000417232513428 0.052000001072883605957 0.052000001072883605957 0.052999999374151229858 0.052000001072883605957 0.050999999046325683594 0.052000001072883605957
-9999 -9999 -9999 -9999 -9999 -9999 0.064000003039836883545 0.063000001013278961182 0.068000003695487976074 0.065999999642372131348 0.061000000685453414917 0.057999998331069946289 0.056000001728534698486 0.059000000357627868652 0.052999999374151229858 0.048999998718500137329 0.046999998390674591064 0.045000001788139343262 0.045000001788139343262 0.045000001788139343262 0.043999999761581420898 0.041999999433755874634 0.041999999433755874634 0.041999999433755874634 0.041999999433755874634 0.041000001132488250732 0.041000001132488250732 0.041000001132488250732 0.041000001132488250732 0.041000001132488250732 0.039999999105930328369 0.041000001132488250732 0.041000001132488250732 0.039000000804662704468 0.039999999105930328369 0.041000001132488250732 0.041000001132488250732 0.043000001460313796997 0.045000001788139343262 0.046000000089406967163 0.050000000745058059692 0.050000000745058059692 0.052000001072883605957 0.052999999374151229858 0.050999999046325683594 0.052000001072883605957
-9999 -9999 -9999 -9999 -9999 0.059000000357627868652 0.061000000685453414917 0.059999998658895492554 0.061000000685453414917 0.050000000745058059692 0.041000001132488250732 0.046999998390674591064 0.048999998718500137329 0.054999999701976776123 0.048000000417232513428 0.046999998390674591064 0.043999999761581420898 0.045000001788139343262 0.043999999761581420898 0.043000001460313796997 0.043000001460313796997 0.041999999433755874634 0.041000001132488250732 0.041999999433755874634 0.041000001132488250732 0.039000000804662704468 0.039999999105930328369 0.039999999105930328369 0.039999999105930328369 0.041000001132488250732 0.041000001132488250732 0.039999999105930328369 0.039999999105930328369 0.039000000804662704468 0.039000000804662704468 0.041000001132488250732 0.041000001132488250732 0.041999999433755874634 0.043999999761581420898 0.046000000089406967163 0.048000000417232513428 0.050000000745058059692 0.050999999046325683594 0.052000001072883605957 0.052000001072883605957 0.052999999374151229858
-9999 -9999 -9999 0.052999999374151229858 0.061000000685453414917 0.061999998986721038818 0.056000001728534698486 0.050999999046325683594 0.056000001728534698486 0.032000001519918441772 0.056000001728534698486 0.050000000745058059692 0.052999999374151229858 0.050999999046325683594 0.043999999761581420898 0.045000001788139343262 0.043999999761581420898 0.043999999761581420898 0.043000001460313796997 0.041000001132488250732 0.041000001132488250732 0.041000001132488250732 0.041999999433755874634 0.041000001132488250732 0.039000000804662704468 0.039000000804662704468 0.039999999105930328369 0.039999999105930328369 0.039000000804662704468 0.041000001132488250732 0.039000000804662704468 0.039999999105930328369 0.039999999105930328369 0.037999998778104782104 0.039000000804662704468 0.039999999105930328369 0.039999999105930328369 0.041999999433755874634 0.041999999433755874634 0.043999999761581420898 0.046999998390674591064 0.048000000417232513428 0.050000000745058059692 0.050999999046325683594 0.052000001072883605957 0.052999999374151229858
-9999 -9999 0.045000001788139343262 0.052999999374151229858 0.057000000029802322388 0.041000001132488250732 0.057000000029802322388 0.041999999433755874634 0.046000000089406967163 0.037000000476837158203 0.045000001788139343262 0.046999998390674591064 0.046000000089406967163 0.048000000417232513428 0.043000001460313796997 0.043000001460313796997 0.041999999433755874634 0.043000001460313796997 0.041000001132488250732 0.041000001132488250732 0.039999999105930328369 0.041000001132488250732 0.041000001132488250732 0.041000001132488250732 0.037999998778104782104 0.039000000804662704468 0.039000000804662704468 0.039000000804662704468 0.039000000804662704468 0.039999999105930328369 0.039999999105930328369 0.039000000804662704468 0.039000000804662704468 0.039000000804662704468 0.039999999105930328369 0.039999999105930328369 0.039999999105930328369 0.041000001132488250732 0.043000001460313796997 0.045000001788139343262 0.046000000089406967163 0.046999998390674591064 0.050999999046325683594 0.050999999046325683594 0.052000001072883605957 0.048999998718500137329
0.01799999922513961792 0.020999999716877937317 0.041999999433755874634 0.029999999329447746277 0.034000001847743988037 0.043999999761581420898 0.032000001519918441772 0.045000001788139343262 0.041999999433755874634 0.039999999105930328369 0.046999998390674591064 0.043000001460313796997 0.046999998390674591064 0.046999998390674591064 0.046000000089406967163 0.043999999761581420898 0.041999999433755874634 0.041999999433755874634 0.041000001132488250732 0.039999999105930328369 0.039000000804662704468 0.039999999105930328369 0.039999999105930328369 0.039999999105930328369 0.039000000804662704468 0.039000000804662704468 0.037999998778104782104 0.039000000804662704468 0.039000000804662704468 0.037999998778104782104 0.039999999105930328369 0.037999998778104782104 0.039000000804662704468 0.039999999105930328369 0.039999999105930328369 0.041000001132488250732 0.041000001132488250732 0.041000001132488250732 0.041999999433755874634 0.045000001788139343262 0.046000000089406967163 0.046999998390674591064 0.050000000745058059692 0.050000000745058059692 0.050000000745058059692 0.048000000417232513428
0.030999999493360519409 0.012000000104308128357 0.018999999389052391052 0.014000000432133674622 0.030999999493360519409 0.028000000864267349243 0.028999999165534973145 0.045000001788139343262 0.043000001460313796997 0.041000001132488250732 0.050999999046325683594 0.046000000089406967163 0.050999999046325683594 0.048999998718500137329 0.046999998390674591064 0.043000001460313796997 0.041000001132488250732 0.041999999433755874634 0.043000001460313796997 0.039999999105930328369 0.041000001132488250732 0.039999999105930328369 0.041000001132488250732 0.041000001132488250732 0.039000000804662704468 0.039000000804662704468 0.037999998778104782104 0.037999998778104782104 0.037999998778104782104 0.037000000476837158203 0.037000000476837158203 0.039999999105930328369 0.039999999105930328369 0.039999999105930328369 0.037999998778104782104 0.041000001132488250732 0.039999999105930328369 0.039999999105930328369 0.043000001460313796997 0.045000001788139343262 0.046000000089406967163 0.046000000089406967163 0.048000000417232513428 0.048000000417232513428 0.048999998718500137329 0.046999998390674591064
