valitools/FKAPHMM/rasters/map_A_res2.asc
ncols        30
nrows        20
xllcorner    0.000000000000
yllcorner    0.000000000000
cellsize     0.200000000000
NODATA_value  -9999
 -9999.0 -9999 -9999 -9999 -9999 -9999 -9999 0.032999999821186065674 0.035000000149011611938 0.037000000476837158203 0.037999998778104782104 0.039000000804662704468 0.03599999845027923584 0.037999998778104782104 0.037999998778104782104 0.037999998778104782104 0.039000000804662704468 0.039000000804662704468 0.039999999105930328369 0.037999998778104782104 0.037000000476837158203 0.039999999105930328369 0.039000000804662704468 0.039999999105930328369 -9999 -9999 -9999 -9999 -9999 -9999
 -9999 -9999 -9999 -9999 -9999 -9999 0.032000001519918441772 0.035000000149011611938 0.037000000476837158203 0.037999998778104782104 0.037999998778104782104 0.039000000804662704468 0.037999998778104782104 0.037999998778104782104 0.037999998778104782104 0.037999998778104782104 0.039999999105930328369 0.039999999105930328369 0.039000000804662704468 0.037000000476837158203 0.037999998778104782104 0.039000000804662704468 0.039000000804662704468 0.041000001132488250732 0.041999999433755874634 -9999 -9999 -9999 -9999 -9999
 -9999 -9999 -9999 -9999 -9999 0.032999999821186065674 0.03599999845027923584 0.03599999845027923584 0.037999998778104782104 0.037999998778104782104 0.037000000476837158203 0.037999998778104782104 0.037999998778104782104 0.039000000804662704468 0.037999998778104782104 0.037999998778104782104 0.039000000804662704468 0.037000000476837158203 0.037999998778104782104 0.037000000476837158203 0.037000000476837158203 0.039000000804662704468 0.039999999105930328369 0.041999999433755874634 0.043999999761581420898 -9999 -9999 -9999 -9999 -9999
 -9999 -9999 -9999 -9999 0.032999999821186065674 0.035000000149011611938 0.03599999845027923584 0.03599999845027923584 0.037000000476837158203 0.037999998778104782104 0.039000000804662704468 0.037999998778104782104 0.037000000476837158203 0.039000000804662704468 0.03599999845027923584 0.037999998778104782104 0.037000000476837158203 0.03599999845027923584 0.03599999845027923584 0.03599999845027923584 0.034000001847743988037 0.037999998778104782104 0.037999998778104782104 0.043000001460313796997 0.043999999761581420898 0.046000000089406967163 -9999 -9999 -9999 -9999
 -9999 -9999 -9999 0.032999999821186065674 0.035000000149011611938 0.035000000149011611938 0.03599999845027923584 0.03599999845027923584 0.039000000804662704468 0.037999998778104782104 0.039000000804662704468 0.037999998778104782104 0.032999999821186065674 0.035000000149011611938 0.037000000476837158203 0.037999998778104782104 0.035000000149011611938 0.03599999845027923584 0.035000000149011611938 0.03599999845027923584 0.034000001847743988037 0.037000000476837158203 0.037999998778104782104 0.043000001460313796997 0.046000000089406967163 0.045000001788139343262 0.045000001788139343262 -9999 -9999 -9999
 -9999 -9999 -9999 0.034000001847743988037 0.035000000149011611938 0.037000000476837158203 0.037000000476837158203 0.037000000476837158203 0.037999998778104782104 0.037999998778104782104 0.037999998778104782104 0.03599999845027923584 0.037000000476837158203 0.035000000149011611938 0.035000000149011611938 0.03599999845027923584 0.035000000149011611938 0.035000000149011611938 0.03599999845027923584 0.037000000476837158203 0.03599999845027923584 0.037999998778104782104 0.039000000804662704468 0.043000001460313796997 0.048000000417232513428 0.046999998390674591064 0.046000000089406967163 0.046000000089406967163 -9999 -9999
 -9999 -9999 0.03599999845027923584 0.03599999845027923584 0.037999998778104782104 0.039000000804662704468 0.037999998778104782104 0.037999998778104782104 0.039000000804662704468 0.037999998778104782104 0.037999998778104782104 0.03599999845027923584 0.037999998778104782104 0.037999998778104782104 0.03599999845027923584 0.037999998778104782104 0.037000000476837158203 0.037999998778104782104 0.037000000476837158203 0.039000000804662704468 0.039000000804662704468 0.039999999105930328369 0.043000001460313796997 0.046999998390674591064 0.050000000745058059692 0.048999998718500137329 0.050000000745058059692 0.046000000089406967163 0.048999998718500137329 -9999
 -9999 0.039000000804662704468 0.037000000476837158203 0.037999998778104782104 0.039999999105930328369 0.039999999105930328369 0.041000001132488250732 0.039000000804662704468 0.039999999105930328369 0.041000001132488250732 0.039999999105930328369 0.039000000804662704468 0.037999998778104782104 0.041000001132488250732 0.041999999433755874634 0.043000001460313796997 0.041999999433755874634 0.045000001788139343262 0.046000000089406967163 0.045000001788139343262 0.045000001788139343262 0.046000000089406967163 0.048999998718500137329 0.052999999374151229858 0.054000001400709152222 0.054000001400709152222 0.052999999374151229858 0.050999999046325683594 0.046000000089406967163 -9999
 0.037000000476837158203 0.039999999105930328369 0.046999998390674591064 0.048999998718500137329 0.052999999374151229858 0.052999999374151229858 0.056000001728534698486 0.048999998718500137329 0.050000000745058059692 0.050000000745058059692 0.048999998718500137329 0.050999999046325683594 0.050999999046325683594 0.050000000745058059692 0.052000001072883605957 0.054000001400709152222 0.052000001072883605957 0.050999999046325683594 0.059000000357627868652 0.057000000029802322388 0.052000001072883605957 0.052000001072883605957 0.056000001728534698486 0.052999999374151229858 0.057000000029802322388 0.054000001400709152222 0.052000001072883605957 0.050999999046325683594 0.045000001788139343262 0.014000000432133674622
 0.057999998331069946289 0.035000000149011611938 0.046000000089406967163 0.043000001460313796997 0.085000000894069671631 0.074000000953674316406 0.063000001013278961182 0.063000001013278961182 0.065999999642372131348 0.074000000953674316406 0.057999998331069946289 0.061000000685453414917 0.068000003695487976074 0.061999998986721038818 0.067000001668930053711 0.064999997615814208984 0.07100000232458114624 0.059000000357627868652 0.059000000357627868652 0.057999998331069946289 0.064999997615814208984 0.052999999374151229858 0.057999998331069946289 0.057000000029802322388 0.046999998390674591064 0.052000001072883605957 0.054999999701976776123 0.050999999046325683594 0.043999999761581420898 0.01799999922513961792
 0.050000000745058059692 0.039000000804662704468 0.019999999552965164185 0.03599999845027923584 0.054000001400709152222 0.065999999642372131348 0.075999997556209564209 0.074000000953674316406 0.076999999582767486572 0.056000001728534698486 0.07199999690055847168 0.061999998986721038818 0.061000000685453414917 0.054999999701976776123 0.056000001728534698486 0.061000000685453414917 0.068000003695487976074 0.061000000685453414917 0.059000000357627868652 0.061999998986721038818 0.054000001400709152222 0.054999999701976776123 0.061999998986721038818 0.050999999046325683594 0.052999999374151229858 0.057000000029802322388 0.054999999701976776123 0.050999999046325683594 0.046999998390674591064 0.01799999922513961792
 0.048000000417232513428 0.048000000417232513428 0.052000001072883605957 0.068000003695487976074 0.072999998927116394043 0.061999998986721038818 0.067000001668930053711 0.074000000953674316406 0.059000000357627868652 0.057999998331069946289 0.064000003039836883545 0.064999997615814208984 0.059000000357627868652 0.054999999701976776123 0.068000003695487976074 0.057999998331069946289 0.057000000029802322388 0.064000003039836883545 0.057000000029802322388 0.059999998658895492554 0.064000003039836883545 0.054999999701976776123 0.056000001728534698486 0.054999999701976776123 0.054999999701976776123 0.054999999701976776123 0.052999999374151229858 0.052999999374151229858 0.048999998718500137329 0.014000000432133674622
 -9999 0.039000000804662704468 0.039000000804662704468 0.041000001132488250732 0.041000001132488250732 0.043999999761581420898 0.046000000089406967163 0.050999999046325683594 0.054999999701976776123 0.056000001728534698486 0.054000001400709152222 0.050000000745058059692 0.054000001400709152222 0.054000001400709152222 0.048000000417232513428 0.057000000029802322388 0.046999998390674591064 0.054999999701976776123 0.054000001400709152222 0.050000000745058059692 0.057999998331069946289 0.052999999374151229858 0.054999999701976776123 0.054000001400709152222 0.052000001072883605957 0.054000001400709152222 0.052999999374151229858 0.050999999046325683594 0.048000000417232513428 -9999
 -9999 -9999 0.03599999845027923584 0.037000000476837158203 0.037999998778104782104 0.039000000804662704468 0.037999998778104782104 0.037999998778104782104 0.039000000804662704468 0.039999999105930328369 0.039999999105930328369 0.041000001132488250732 0.041999999433755874634 0.043000001460313796997 0.041000001132488250732 0.043999999761581420898 0.045000001788139343262 0.043999999761581420898 0.046000000089406967163 0.046000000089406967163 0.046999998390674591064 0.048000000417232513428 0.048000000417232513428 0.048000000417232513428 0.050000000745058059692 0.050000000745058059692 0.050000000745058059692 0.048000000417232513428 0.046000000089406967163 -9999
 -9999 -9999 -9999 0.032999999821186065674 0.037000000476837158203 0.037999998778104782104 0.037000000476837158203 0.037999998778104782104 0.037999998778104782104 0.037000000476837158203 0.037999998778104782104 0.039000000804662704468 0.039000000804662704468 0.037999998778104782104 0.037999998778104782104 0.039999999105930328369 0.039000000804662704468 0.039000000804662704468 0.039999999105930328369 0.039999999105930328369 0.041000001132488250732 0.043999999761581420898 0.045000001788139343262 0.045000001788139343262 0.046999998390674591064 0.048000000417232513428 0.046999998390674591064 0.046000000089406967163 -9999 -9999
 -9999 -9999 -9999 0.032999999821186065674 0.035000000149011611938 0.035000000149011611938 0.037000000476837158203 0.037000000476837158203 0.037999998778104782104 0.039999999105930328369 0.037999998778104782104 0.039000000804662704468 0.037000000476837158203 0.037999998778104782104 0.037999998778104782104 0.037999998778104782104 0.037999998778104782104 0.03599999845027923584 0.037000000476837158203 0.037999998778104782104 0.037000000476837158203 0.041000001132488250732 0.041000001132488250732 0.043000001460313796997 0.045000001788139343262 0.043999999761581420898 0.045000001788139343262 -9999 -9999 -9999
 -9999 -9999 -9999 -9999 0.028000000864267349243 0.035000000149011611938 0.03599999845027923584 0.037999998778104782104 0.039000000804662704468 0.039999999105930328369 0.037999998778104782104 0.037999998778104782104 0.037000000476837158203 0.037999998778104782104 0.039000000804662704468 0.035000000149011611938 0.03599999845027923584 0.037000000476837158203 0.037999998778104782104 0.039000000804662704468 0.037999998778104782104 0.039000000804662704468 0.039999999105930328369 0.041999999433755874634 0.043000001460313796997 0.045000001788139343262 -9999 -9999 -9999 -9999
 -9999 -9999 -9999 -9999 -9999 0.024000000208616256714 0.037000000476837158203 0.037999998778104782104 0.037999998778104782104 0.039000000804662704468 0.039000000804662704468 0.037999998778104782104 0.037999998778104782104 0.037000000476837158203 0.037999998778104782104 0.035000000149011611938 0.037000000476837158203 0.039000000804662704468 0.037999998778104782104 0.039000000804662704468 0.037999998778104782104 0.041000001132488250732 0.039999999105930328369 0.043000001460313796997 0.043000001460313796997 -9999 -9999 -9999 -9999 -9999
 -9999 -9999 -9999 -9999 -9999 -9999 0.032999999821186065674 0.037000000476837158203 0.037999998778104782104 0.037000000476837158203 0.039000000804662704468 0.037999998778104782104 0.037000000476837158203 0.039999999105930328369 0.039999999105930328369 0.039999999105930328369 0.039999999105930328369 0.037000000476837158203 0.037999998778104782104 0.039999999105930328369 0.039999999105930328369 0.041000001132488250732 0.041999999433755874634 0.041999999433755874634 0.043000001460313796997 -9999 -9999 -9999 -9999 -9999
 -9999 -9999 -9999 -9999 -9999 -9999 -9999 0.03599999845027923584 0.037000000476837158203 0.037999998778104782104 0.039000000804662704468 0.039000000804662704468 0.039000000804662704468 0.039000000804662704468 0.039999999105930328369 0.039999999105930328369 0.039999999105930328369 0.041000001132488250732 0.041000001132488250732 0.041000001132488250732 0.041999999433755874634 0.041000001132488250732 0.039000000804662704468 0.041000001132488250732 -9999 -9999 -9999 -9999 -9999 -9999
