PycharmProjects/FKAPHMM/rasters/map_A.asc
ncols        60
nrows        40
xllcorner    0.000000000000
yllcorner    0.000000000000
cellsize     0.100000000000
NODATA_value  -9999
[rows 19 to 37 of 40, columns 0 to 41 of 60]
0.03599999845027923584 0.048000000417232513428 0.056000001728534698486 0.032000001519918441772 0.027000000700354576111 0.032000001519918441772 0.045000001788139343262 0.054999999701976776123 0.041000001132488250732 0.068000003695487976074 0.057000000029802322388 0.070000000298023223877 0.079999998211860656738 0.064000003039836883545 0.086000002920627593994 0.064999997615814208984 0.079000003635883331299 0.064000003039836883545 0.061000000685453414917 0.07100000232458114624 0.065999999642372131348 0.079000003635883331299 0.07199999690055847168 0.072999998927116394043 0.064999997615814208984 0.063000001013278961182 0.059000000357627868652 0.07199999690055847168 0.064000003039836883545 0.065999999642372131348 0.070000000298023223877 0.057999998331069946289 0.061999998986721038818 0.07100000232458114624 0.063000001013278961182 0.050999999046325683594 0.059000000357627868652 0.059999998658895492554 0.068000003695487976074 0.059999998658895492554 0.064000003039836883545 0.059999998658895492554
0.018999999389052391052 0.050000000745058059692 0.07199999690055847168 0.039000000804662704468 0.028999999165534973145 0.019999999552965164185 0.028999999165534973145 0.03599999845027923584 0.039000000804662704468 0.054000001400709152222 0.070000000298023223877 0.065999999642372131348 0.059000000357627868652 0.075999997556209564209 0.075999997556209564209 0.074000000953674316406 0.076999999582767486572 0.076999999582767486572 0.07100000232458114624 0.056000001728534698486 0.085000000894069671631 0.07199999690055847168 0.064000003039836883545 0.061999998986721038818 0.052999999374151229858 0.061000000685453414917 0.085000000894069671631 0.054999999701976776123 0.07199999690055847168 0.056000001728534698486 0.065999999642372131348 0.061000000685453414917 0.075999997556209564209 0.068000003695487976074 0.064999997615814208984 0.061000000685453414917 0.061000000685453414917 0.059000000357627868652 0.064999997615814208984 0.061999998986721038818 0.064000003039836883545 0.054000001400709152222
0.043000001460313796997 0.048000000417232513428 0.052000001072883605957 0.025000000372529029846 0.025000000372529029846 0.028999999165534973145 0.034000001847743988037 0.032999999821186065674 0.064000003039836883545 0.056000001728534698486 0.078000001609325408936 0.07500000298023223877 0.079000003635883331299 0.070000000298023223877 0.07500000298023223877 0.061999998986721038818 0.078000001609325408936 0.076999999582767486572 0.068000003695487976074 0.070000000298023223877 0.079000003635883331299 0.054999999701976776123 0.081000000238418579102 0.057000000029802322388 0.079000003635883331299 0.064000003039836883545 0.064999997615814208984 0.052000001072883605957 0.065999999642372131348 0.057999998331069946289 0.064000003039836883545 0.057000000029802322388 0.061000000685453414917 0.067000001668930053711 0.065999999642372131348 0.057999998331069946289 0.056000001728534698486 0.059999998658895492554 0.054000001400709152222 0.065999999642372131348 0.056000001728534698486 0.059000000357627868652
-9999 0.048000000417232513428 0.043999999761581420898 0.048000000417232513428 0.054999999701976776123 0.052000001072883605957 0.057000000029802322388 0.068000003695487976074 0.061000000685453414917 0.072999998927116394043 0.057000000029802322388 0.061999998986721038818 0.064999997615814208984 0.067000001668930053711 0.057999998331069946289 0.074000000953674316406 0.068999998271465301514 0.059000000357627868652 0.061999998986721038818 0.057999998331069946289 0.064000003039836883545 0.064000003039836883545 0.054999999701976776123 0.064999997615814208984 0.061000000685453414917 0.059000000357627868652 0.064999997615814208984 0.054999999701976776123 0.065999999642372131348 0.068000003695487976074 0.067000001668930053711 0.057999998331069946289 0.059000000357627868652 0.057000000029802322388 0.050999999046325683594 0.064000003039836883545 0.061999998986721038818 0.057000000029802322388 0.052000001072883605957 0.059999998658895492554 0.052000001072883605957 0.064000003039836883545
-9999 -9999 0.039000000804662704468 0.039999999105930328369 0.041000001132488250732 0.041000001132488250732 0.043000001460313796997 0.046000000089406967163 0.043999999761581420898 0.052999999374151229858 0.048999998718500137329 0.048000000417232513428 0.050999999046325683594 0.052000001072883605957 0.052000001072883605957 0.065999999642372131348 0.056000001728534698486 0.057999998331069946289 0.057999998331069946289 0.054000001400709152222 0.050000000745058059692 0.057999998331069946289 0.054000001400709152222 0.052000001072883605957 0.059999998658895492554 0.056000001728534698486 0.057000000029802322388 0.059000000357627868652 0.052000001072883605957 0.064000003039836883545 0.063000001013278961182 0.056000001728534698486 0.063000001013278961182 0.048999998718500137329 0.057000000029802322388 0.052000001072883605957 0.057000000029802322388 0.054999999701976776123 0.050000000745058059692 0.057000000029802322388 0.052999999374151229858 0.056000001728534698486
-9999 -9999 -9999 0.039000000804662704468 0.037999998778104782104 0.039000000804662704468 0.041000001132488250732 0.041000001132488250732 0.039999999105930328369 0.041000001132488250732 0.041000001132488250732 0.043999999761581420898 0.045000001788139343262 0.046000000089406967163 0.043999999761581420898 0.050999999046325683594 0.050000000745058059692 0.054999999701976776123 0.046999998390674591064 0.056000001728534698486 0.039999999105930328369 0.054000001400709152222 0.050999999046325683594 0.050000000745058059692 0.041000001132488250732 0.054000001400709152222 0.054000001400709152222 0.054000001400709152222 0.052000001072883605957 0.048000000417232513428 0.046000000089406967163 0.057000000029802322388 0.052999999374151229858 0.046999998390674591064 0.048000000417232513428 0.054999999701976776123 0.054000001400709152222 0.054000001400709152222 0.052999999374151229858 0.050000000745058059692 0.052999999374151229858 0.057999998331069946289
-9999 -9999 -9999 0.037999998778104782104 0.037000000476837158203 0.037000000476837158203 0.037000000476837158203 0.037999998778104782104 0.037999998778104782104 0.037999998778104782104 0.039000000804662704468 0.039000000804662704468 0.039999999105930328369 0.039999999105930328369 0.039999999105930328369 0.041999999433755874634 0.045000001788139343262 0.045000001788139343262 0.041000001132488250732 0.048000000417232513428 0.043000001460313796997 0.046999998390674591064 0.043999999761581420898 0.045000001788139343262 0.045000001788139343262 0.046999998390674591064 0.045000001788139343262 0.046000000089406967163 0.046000000089406967163 0.048000000417232513428 0.046999998390674591064 0.046999998390674591064 0.046000000089406967163 0.046999998390674591064 0.046999998390674591064 0.046999998390674591064 0.050000000745058059692 0.048999998718500137329 0.050999999046325683594 0.050999999046325683594 0.050000000745058059692 0.050000000745058059692
-9999 -9999 -9999 -9999 0.035000000149011611938 0.03599999845027923584 0.035000000149011611938 0.037000000476837158203 0.037000000476837158203 0.037999998778104782104 0.037999998778104782104 0.039000000804662704468 0.037000000476837158203 0.037999998778104782104 0.037999998778104782104 0.037999998778104782104 0.039999999105930328369 0.039000000804662704468 0.039999999105930328369 0.039999999105930328369 0.041000001132488250732 0.039999999105930328369 0.039999999105930328369 0.041000001132488250732 0.041000001132488250732 0.041999999433755874634 0.041999999433755874634 0.043000001460313796997 0.041999999433755874634 0.041000001132488250732 0.041999999433755874634 0.043999999761581420898 0.043000001460313796997 0.045000001788139343262 0.045000001788139343262 0.043999999761581420898 0.043999999761581420898 0.046000000089406967163 0.045000001788139343262 0.046000000089406967163 0.046000000089406967163 0.046999998390674591064
-9999 -9999 -9999 -9999 -9999 0.035000000149011611938 0.03599999845027923584 0.03599999845027923584 0.037000000476837158203 0.03599999845027923584 0.037999998778104782104 0.037000000476837158203 0.037999998778104782104 0.037999998778104782104 0.037999998778104782104 0.037999998778104782104 0.037000000476837158203 0.037999998778104782104 0.037999998778104782104 0.039000000804662704468 0.039000000804662704468 0.037999998778104782104 0.037999998778104782104 0.037999998778104782104 0.039999999105930328369 0.039000000804662704468 0.039999999105930328369 0.039999999105930328369 0.037999998778104782104 0.039999999105930328369 0.041000001132488250732 0.039999999105930328369 0.039999999105930328369 0.041000001132488250732 0.041000001132488250732 0.043000001460313796997 0.043000001460313796997 0.041999999433755874634 0.043999999761581420898 0.041999999433755874634 0.043999999761581420898 0.043999999761581420898
-9999 -9999 -9999 -9999 -9999 -9999 0.034000001847743988037 0.032999999821186065674 0.03599999845027923584 0.037000000476837158203 0.035000000149011611938 0.037999998778104782104 0.037999998778104782104 0.037000000476837158203 0.037999998778104782104 0.037999998778104782104 0.037999998778104782104 0.037999998778104782104 0.039000000804662704468 0.037000000476837158203 0.037999998778104782104 0.037999998778104782104 0.037999998778104782104 0.039000000804662704468 0.039000000804662704468 0.039000000804662704468 0.039000000804662704468 0.037999998778104782104 0.037999998778104782104 0.037999998778104782104 0.037999998778104782104 0.039999999105930328369 0.039000000804662704468 0.039000000804662704468 0.039000000804662704468 0.039000000804662704468 0.039000000804662704468 0.039999999105930328369 0.041000001132488250732 0.039999999105930328369 0.041000001132488250732 0.041000001132488250732
-9999 -9999 -9999 -9999 -9999 -9999 -9999 0.035000000149011611938 0.035000000149011611938 0.03599999845027923584 0.037000000476837158203 0.03599999845027923584 0.039000000804662704468 0.037999998778104782104 0.037999998778104782104 0.039999999105930328369 0.037000000476837158203 0.039000000804662704468 0.039000000804662704468 0.039000000804662704468 0.039000000804662704468 0.037999998778104782104 0.039000000804662704468 0.037999998778104782104 0.039000000804662704468 0.039000000804662704468 0.037999998778104782104 0.039000000804662704468 0.037999998778104782104 0.037999998778104782104 0.039000000804662704468 0.037999998778104782104 0.037000000476837158203 0.037999998778104782104 0.037999998778104782104 0.037999998778104782104 0.037999998778104782104 0.03599999845027923584 0.037000000476837158203 0.039000000804662704468 0.039999999105930328369 0.039000000804662704468
-9999 -9999 -9999 -9999 -9999 -9999 -9999 0.032999999821186065674 0.034000001847743988037 0.035000000149011611938 0.03599999845027923584 0.035000000149011611938 0.03599999845027923584 0.037000000476837158203 0.037999998778104782104 0.037000000476837158203 0.039000000804662704468 0.037999998778104782104 0.037999998778104782104 0.039999999105930328369 0.037000000476837158203 0.037999998778104782104 0.037999998778104782104 0.039000000804662704468 0.037999998778104782104 0.037000000476837158203 0.037999998778104782104 0.037999998778104782104 0.037000000476837158203 0.037999998778104782104 0.039000000804662704468 0.037999998778104782104 0.037000000476837158203 0.037999998778104782104 0.037999998778104782104 0.03599999845027923584 0.037999998778104782104 0.037000000476837158203 0.039000000804662704468 0.037999998778104782104 0.037999998778104782104 0.037000000476837158203
-9999 -9999 -9999 -9999 -9999 -9999 -9999 -9999 0.034000001847743988037 0.032000001519918441772 0.03599999845027923584 0.03599999845027923584 0.03599999845027923584 0.039000000804662704468 0.037999998778104782104 0.039999999105930328369 0.039000000804662704468 0.037999998778104782104 0.039000000804662704468 0.039999999105930328369 0.039999999105930328369 0.039000000804662704468 0.039000000804662704468 0.037999998778104782104 0.037999998778104782104 0.037999998778104782104 0.037999998778104782104 0.037999998778104782104 0.037000000476837158203 0.037000000476837158203 0.03599999845027923584 0.03599999845027923584 0.037999998778104782104 0.03599999845027923584 0.037000000476837158203 0.037999998778104782104 0.037999998778104782104 0.037999998778104782104 0.037999998778104782104 0.037999998778104782104 0.039000000804662704468 0.039000000804662704468
-9999 -9999 -9999 -9999 -9999 -9999 -9999 -9999 -9999 0.028000000864267349243 0.032000001519918441772 0.035000000149011611938 0.03599999845027923584 0.03599999845027923584 0.037000000476837158203 0.037999998778104782104 0.039999999105930328369 0.039000000804662704468 0.037999998778104782104 0.039999999105930328369 0.039000000804662704468 0.037999998778104782104 0.037000000476837158203 0.037999998778104782104 0.037999998778104782104 0.037000000476837158203 0.037999998778104782104 0.037999998778104782104 0.03599999845027923584 0.039000000804662704468 0.037000000476837158203 0.035000000149011611938 0.037999998778104782104 0.03599999845027923584 0.037000000476837158203 0.037000000476837158203 0.03599999845027923584 0.037999998778104782104 0.039000000804662704468 0.039000000804662704468 0.037000000476837158203 0.037999998778104782104
-9999 -9999 -9999 -9999 -9999 -9999 -9999 -9999 -9999 -9999 0.030999999493360519409 0.035000000149011611938 0.03599999845027923584 0.037000000476837158203 0.037999998778104782104 0.039000000804662704468 0.037999998778104782104 0.037000000476837158203 0.037999998778104782104 0.037999998778104782104 0.039999999105930328369 0.039000000804662704468 0.037999998778104782104 0.039000000804662704468 0.037000000476837158203 0.037999998778104782104 0.037999998778104782104 0.037999998778104782104 0.039000000804662704468 0.037000000476837158203 0.03599999845027923584 0.03599999845027923584 0.037000000476837158203 0.037999998778104782104 0.037000000476837158203 0.039000000804662704468 0.037999998778104782104 0.037999998778104782104 0.037999998778104782104 0.037999998778104782104 0.039000000804662704468 0.037999998778104782104
-9999 -9999 -9999 -9999 -9999 -9999 -9999 -9999 -9999 -9999 -9999 0.024000000208616256714 0.034000001847743988037 0.037000000476837158203 0.037999998778104782104 0.037999998778104782104 0.037999998778104782104 0.037999998778104782104 0.03599999845027923584 0.039000000804662704468 0.039000000804662704468 0.039000000804662704468 0.037000000476837158203 0.037999998778104782104 0.037999998778104782104 0.037999998778104782104 0.037999998778104782104 0.037000000476837158203 0.037000000476837158203 0.037999998778104782104 0.039000000804662704468 0.035000000149011611938 0.037999998778104782104 0.037000000476837158203 0.039000000804662704468 0.039000000804662704468 0.03599999845027923584 0.037999998778104782104 0.037999998778104782104 0.039000000804662704468 0.039000000804662704468 0.037999998778104782104
-9999 -9999 -9999 -9999 -9999 -9999 -9999 -9999 -9999 -9999 -9999 0.028000000864267349243 0.032000001519918441772 0.035000000149011611938 0.03599999845027923584 0.037999998778104782104 0.037000000476837158203 0.037999998778104782104 0.037000000476837158203 0.037000000476837158203 0.039000000804662704468 0.037999998778104782104 0.037999998778104782104 0.037999998778104782104 0.037000000476837158203 0.037999998778104782104 0.039999999105930328369 0.037999998778104782104 0.039000000804662704468 0.037999998778104782104 0.037999998778104782104 0.037000000476837158203 0.039999999105930328369 0.037999998778104782104 0.037999998778104782104 0.03599999845027923584 0.039999999105930328369 0.039999999105930328369 0.037000000476837158203 0.037999998778104782104 0.039000000804662704468 0.037999998778104782104
-9999 -9999 -9999 -9999 -9999 -9999 -9999 -9999 -9999 -9999 -9999 -9999 0.026000000536441802979 0.032999999821186065674 0.03599999845027923584 0.037000000476837158203 0.037999998778104782104 0.037999998778104782104 0.037000000476837158203 0.037000000476837158203 0.037999998778104782104 0.039000000804662704468 0.037999998778104782104 0.037999998778104782104 0.037999998778104782104 0.037000000476837158203 0.037999998778104782104 0.039999999105930328369 0.037999998778104782104 0.039999999105930328369 0.039999999105930328369 0.039999999105930328369 0.039000000804662704468 0.039999999105930328369 0.039000000804662704468 0.037000000476837158203 0.039000000804662704468 0.037999998778104782104 0.039999999105930328369 0.039999999105930328369 0.039999999105930328369 0.039999999105930328369
-9999 -9999 -9999 -9999 -9999 -9999 -9999 -9999 -9999 -9999 -9999 -9999 -9999 0.032000001519918441772 0.032999999821186065674 0.03599999845027923584 0.037000000476837158203 0.03599999845027923584 0.037999998778104782104 0.037000000476837158203 0.037999998778104782104 0.039000000804662704468 0.039000000804662704468 0.037999998778104782104 0.037000000476837158203 0.039000000804662704468 0.037999998778104782104 0.039999999105930328369 0.041000001132488250732 0.039999999105930328369 0.039999999105930328369 0.039999999105930328369 0.039999999105930328369 0.041000001132488250732 0.039999999105930328369 0.039000000804662704468 0.039000000804662704468 0.041799999773502349854 0.039999999105930328369 0.039999999105930328369 0.039999999105930328369 0.039000000804662704468
