PycharmProjects/FKAPHMM/rasters/map_A.asc
ncols        60
nrows        40
xllcorner    0.000000000000
yllcorner    0.000000000000
cellsize     0.100000000000
NODATA_value  -9999
[rows 0 to 18 of 40, columns 0 to 41 of 60]
-9999.0 -9999 -9999 -9999 -9999 -9999 -9999 -9999 -9999 -9999 -9999 -9999 -9999 -9999 -9999 0.032999999821186065674 0.03412489965558052063 0.035000000149011611938 0.037000000476837158203 0.037000000476837158203 0.037999998778104782104 0.037999998778104782104 0.039000000804662704468 0.039000000804662704468 0.037999998778104782104 0.03599999845027923584 0.039000000804662704468 0.037999998778104782104 0.037999998778104782104 0.037999998778104782104 0.037999998778104782104 0.037999998778104782104 0.039999999105930328369 0.039000000804662704468 0.039999999105930328369 0.039000000804662704468 0.039000000804662704468 0.039999999105930328369 0.039000000804662704468 0.037999998778104782104 0.039000000804662704468 0.037000000476837158203
-9999 -9999 -9999 -9999 -9999 -9999 -9999 -9999 -9999 -9999 -9999 -9999 -9999 -9999 0.032000001519918441772 0.03599999845027923584 0.03599999845027923584 0.037000000476837158203 0.037000000476837158203 0.037999998778104782104 0.037999998778104782104 0.037999998778104782104 0.037999998778104782104 0.037999998778104782104 0.039000000804662704468 0.037999998778104782104 0.037999998778104782104 0.037999998778104782104 0.037000000476837158203 0.039000000804662704468 0.039000000804662704468 0.037999998778104782104 0.037999998778104782104 0.037999998778104782104 0.039000000804662704468 0.039999999105930328369 0.039999999105930328369 0.039999999105930328369 0.039000000804662704468 0.039999999105930328369 0.041000001132488250732 0.041000001132488250732
-9999 -9999 -9999 -9999 -9999 -9999 -9999 -9999 -9999 -9999 -9999 -9999 -9999 0.032000001519918441772 0.034000001847743988037 0.035000000149011611938 0.03599999845027923584 0.037000000476837158203 0.037999998778104782104 0.037999998778104782104 0.039000000804662704468 0.037999998778104782104 0.037999998778104782104 0.039000000804662704468 0.037999998778104782104 0.037999998778104782104 0.037999998778104782104 0.037999998778104782104 0.039000000804662704468 0.037999998778104782104 0.039000000804662704468 0.037999998778104782104 0.037999998778104782104 0.039999999105930328369 0.039999999105930328369 0.039999999105930328369 0.037999998778104782104 0.039000000804662704468 0.037000000476837158203 0.037000000476837158203 0.039000000804662704468 0.037999998778104782104
-9999 -9999 -9999 -9999 -9999 -9999 -9999 -9999 -9999 -9999 -9999 -9999 0.032000001519918441772 0.032999999821186065674 0.035000000149011611938 0.03599999845027923584 0.03599999845027923584 0.037000000476837158203 0.037999998778104782104 0.039000000804662704468 0.037999998778104782104 0.037000000476837158203 0.037000000476837158203 0.037000000476837158203 0.037999998778104782104 0.037999998778104782104 0.037999998778104782104 0.039000000804662704468 0.037999998778104782104 0.039000000804662704468 0.037999998778104782104 0.037999998778104782104 0.039000000804662704468 0.039000000804662704468 0.037999998778104782104 0.039000000804662704468 0.037999998778104782104 0.037000000476837158203 0.037999998778104782104 0.037999998778104782104 0.039999999105930328369 0.037999998778104782104
-9999 -9999 -9999 -9999 -9999 -9999 -9999 -9999 -9999 -9999 -9999 -9999 0.032999999821186065674 0.03599999845027923584 0.03599999845027923584 0.03599999845027923584 0.037999998778104782104 0.037999998778104782104 0.037999998778104782104 0.037999998778104782104 0.037000000476837158203 0.037000000476837158203 0.03599999845027923584 0.037999998778104782104 0.037999998778104782104 0.037999998778104782104 0.037999998778104782104 0.039000000804662704468 0.039999999105930328369 0.037999998778104782104 0.037000000476837158203 0.037999998778104782104 0.039000000804662704468 0.039000000804662704468 0.039000000804662704468 0.037000000476837158203 0.037000000476837158203 0.037999998778104782104 0.037999998778104782104 0.037000000476837158203 0.037000000476837158203 0.037000000476837158203
-9999 -9999 -9999 -9999 -9999 -9999 -9999 -9999 -9999 -9999 -9999 0.032999999821186065674 0.035000000149011611938 0.035000000149011611938 0.03599999845027923584 0.03599999845027923584 0.03599999845027923584 0.03599999845027923584 0.037999998778104782104 0.037999998778104782104 0.037999998778104782104 0.037000000476837158203 0.037999998778104782104 0.037999998778104782104 0.039000000804662704468 0.037999998778104782104 0.039000000804662704468 0.039000000804662704468 0.037000000476837158203 0.037999998778104782104 0.037999998778104782104 0.03599999845027923584 0.035000000149011611938 0.03599999845027923584 0.03599999845027923584 0.037000000476837158203 0.037999998778104782104 0.037999998778104782104 0.037000000476837158203 0.037999998778104782104 0.037999998778104782104 0.037999998778104782104
-9999 -9999 -9999 -9999 -9999 -9999 -9999 -9999 -9999 -9999 0.034000001847743988037 0.035000000149011611938 0.035000000149011611938 0.03599999845027923584 0.03599999845027923584 0.03599999845027923584 0.03599999845027923584 0.037000000476837158203 0.037999998778104782104 0.037999998778104782104 0.037000000476837158203 0.039000000804662704468 0.037999998778104782104 0.037999998778104782104 0.037999998778104782104 0.037000000476837158203 0.037999998778104782104 0.039000000804662704468 0.03599999845027923584 0.03599999845027923584 0.037000000476837158203 0.037999998778104782104 0.03599999845027923584 0.037000000476837158203 0.037000000476837158203 0.03599999845027923584 0.03599999845027923584 0.03599999845027923584 0.037999998778104782104 0.03599999845027923584 0.034000001847743988037 0.034000001847743988037
-9999 -9999 -9999 -9999 -9999 -9999 -9999 -9999 -9999 0.032999999821186065674 0.035000000149011611938 0.032999999821186065674 0.037000000476837158203 0.03599999845027923584 0.035000000149011611938 0.03599999845027923584 0.035000000149011611938 0.037000000476837158203 0.037999998778104782104 0.037999998778104782104 0.037999998778104782104 0.037999998778104782104 0.039000000804662704468 0.037999998778104782104 0.037999998778104782104 0.03599999845027923584 0.037999998778104782104 0.039000000804662704468 0.037999998778104782104 0.037000000476837158203 0.037000000476837158203 0.03599999845027923584 0.037000000476837158203 0.03599999845027923584 0.035000000149011611938 0.037000000476837158203 0.037000000476837158203 0.037000000476837158203 0.03599999845027923584 0.035000000149011611938 0.034000001847743988037 0.034000001847743988037
-9999 -9999 -9999 -9999 -9999 -9999 -9999 -9999 0.032000001519918441772 0.035000000149011611938 0.034000001847743988037 0.035000000149011611938 0.035000000149011611938 0.03599999845027923584 0.03599999845027923584 0.03599999845027923584 0.037999998778104782104 0.039000000804662704468 0.037000000476837158203 0.037999998778104782104 0.037000000476837158203 0.039000000804662704468 0.037000000476837158203 0.037999998778104782104 0.037999998778104782104 0.032999999821186065674 0.03599999845027923584 0.035000000149011611938 0.035000000149011611938 0.037000000476837158203 0.037999998778104782104 0.037999998778104782104 0.03599999845027923584 0.035000000149011611938 0.037000000476837158203 0.03599999845027923584 0.03599999845027923584 0.035000000149011611938 0.037000000476837158203 0.03599999845027923584 0.035000000149011611938 0.034000001847743988037
-9999 -9999 -9999 -9999 -9999 -9999 -9999 0.032999999821186065674 0.034000001847743988037 0.034000001847743988037 0.037000000476837158203 0.03599999845027923584 0.037999998778104782104 0.037000000476837158203 0.037000000476837158203 0.037000000476837158203 0.037000000476837158203 0.037999998778104782104 0.037999998778104782104 0.037000000476837158203 0.037999998778104782104 0.037000000476837158203 0.037999998778104782104 0.037999998778104782104 0.037000000476837158203 0.03599999845027923584 0.03599999845027923584 0.03599999845027923584 0.035000000149011611938 0.034000001847743988037 0.034000001847743988037 0.035000000149011611938 0.03599999845027923584 0.035000000149011611938 0.037000000476837158203 0.037000000476837158203 0.037000000476837158203 0.037000000476837158203 0.03599999845027923584 0.035000000149011611938 0.037000000476837158203 0.034000001847743988037
-9999 -9999 -9999 -9999 -9999 -9999 -9999 0.034000001847743988037 0.032999999821186065674 0.035000000149011611938 0.03599999845027923584 0.037000000476837158203 0.03599999845027923584 0.037000000476837158203 0.037999998778104782104 0.037000000476837158203 0.037999998778104782104 0.037999998778104782104 0.037000000476837158203 0.037999998778104782104 0.037000000476837158203 0.037999998778104782104 0.03599999845027923584 0.03599999845027923584 0.037999998778104782104 0.037000000476837158203 0.03599999845027923584 0.035000000149011611938 0.035000000149011611938 0.035000000149011611938 0.035000000149011611938 0.03599999845027923584 0.034000001847743988037 0.035000000149011611938 0.035000000149011611938 0.035000000149011611938 0.035000000149011611938 0.03599999845027923584 0.037999998778104782104 0.037000000476837158203 0.037000000476837158203 0.03599999845027923584
-9999 -9999 -9999 -9999 -9999 -9999 0.035000000149011611938 0.034000001847743988037 0.035000000149011611938 0.03599999845027923584 0.037000000476837158203 0.037000000476837158203 0.039000000804662704468 0.037000000476837158203 0.039000000804662704468 0.037000000476837158203 0.039000000804662704468 0.039000000804662704468 0.037999998778104782104 0.037000000476837158203 0.037999998778104782104 0.037000000476837158203 0.03599999845027923584 0.03599999845027923584 0.03599999845027923584 0.037999998778104782104 0.037999998778104782104 0.03599999845027923584 0.037000000476837158203 0.035000000149011611938 0.03599999845027923584 0.035000000149011611938 0.03599999845027923584 0.03599999845027923584 0.037000000476837158203 0.037999998778104782104 0.037999998778104782104 0.037999998778104782104 0.037000000476837158203 0.037000000476837158203 0.037000000476837158203 0.037000000476837158203
-9999 -9999 -9999 -9999 -9999 0.03599999845027923584 0.035000000149011611938 0.03599999845027923584 0.035000000149011611938 0.037999998778104782104 0.037999998778104782104 0.039000000804662704468 0.037999998778104782104 0.037999998778104782104 0.039000000804662704468 0.037999998778104782104 0.039000000804662704468 0.039000000804662704468 0.037000000476837158203 0.037999998778104782104 0.037000000476837158203 0.037999998778104782104 0.037000000476837158203 0.03599999845027923584 0.037999998778104782104 0.037999998778104782104 0.037999998778104782104 0.037999998778104782104 0.037999998778104782104 0.03599999845027923584 0.037999998778104782104 0.037999998778104782104 0.03599999845027923584 0.037000000476837158203 0.037000000476837158203 0.037999998778104782104 0.037000000476837158203 0.037000000476837158203 0.037999998778104782104 0.039000000804662704468 0.037999998778104782104 0.039000000804662704468
-9999 -9999 -9999 -9999 0.037000000476837158203 0.035000000149011611938 0.037000000476837158203 0.03599999845027923584 0.037999998778104782104 0.037999998778104782104 0.039999999105930328369 0.039999999105930328369 0.039999999105930328369 0.039999999105930328369 0.039999999105930328369 0.039000000804662704468 0.039000000804662704468 0.037999998778104782104 0.037999998778104782104 0.037999998778104782104 0.039999999105930328369 0.039999999105930328369 0.039000000804662704468 0.039000000804662704468 0.037000000476837158203 0.039999999105930328369 0.039999999105930328369 0.039000000804662704468 0.039999999105930328369 0.037999998778104782104 0.039999999105930328369 0.039000000804662704468 0.039000000804662704468 0.039000000804662704468 0.039000000804662704468 0.039000000804662704468 0.039999999105930328369 0.041000001132488250732 0.039000000804662704468 0.039999999105930328369 0.041000001132488250732 0.041000001132488250732
-9999 -9999 -9999 -9999 0.037000000476837158203 0.037000000476837158203 0.037999998778104782104 0.037999998778104782104 0.037999998778104782104 0.039999999105930328369 0.043000001460313796997 0.039999999105930328369 0.039999999105930328369 0.041000001132488250732 0.039999999105930328369 0.039000000804662704468 0.039999999105930328369 0.039999999105930328369 0.037999998778104782104 0.041000001132488250732 0.039999999105930328369 0.039999999105930328369 0.039999999105930328369 0.039000000804662704468 0.039999999105930328369 0.037999998778104782104 0.041999999433755874634 0.041000001132488250732 0.041000001132488250732 0.041999999433755874634 0.043000001460313796997 0.043000001460313796997 0.041999999433755874634 0.041999999433755874634 0.043000001460313796997 0.045000001788139343262 0.043999999761581420898 0.046000000089406967163 0.045000001788139343262 0.045000001788139343262 0.046000000089406967163 0.045000001788139343262
-9999 -9999 -9999 0.039000000804662704468 0.037999998778104782104 0.037000000476837158203 0.041000001132488250732 0.043000001460313796997 0.043000001460313796997 0.043000001460313796997 0.048999998718500137329 0.045000001788139343262 0.043999999761581420898 0.043999999761581420898 0.043000001460313796997 0.041000001132488250732 0.041000001132488250732 0.041000001132488250732 0.041000001132488250732 0.041999999433755874634 0.043000001460313796997 0.043000001460313796997 0.043999999761581420898 0.045000001788139343262 0.043999999761581420898 0.046000000089406967163 0.046999998390674591064 0.043999999761581420898 0.046999998390674591064 0.045000001788139343262 0.046000000089406967163 0.046999998390674591064 0.046999998390674591064 0.048000000417232513428 0.048999998718500137329 0.048999998718500137329 0.048999998718500137329 0.048999998718500137329 0.048999998718500137329 0.050000000745058059692 0.050999999046325683594 0.048999998718500137329
-9999 -9999 0.041999999433755874634 0.039999999105930328369 0.045000001788139343262 0.046999998390674591064 0.050999999046325683594 0.048999998718500137329 0.054000001400709152222 0.052999999374151229858 0.057999998331069946289 0.052999999374151229858 0.054000001400709152222 0.056000001728534698486 0.048999998718500137329 0.048999998718500137329 0.048000000417232513428 0.050000000745058059692 0.050000000745058059692 0.050000000745058059692 0.048999998718500137329 0.048999998718500137329 0.050000000745058059692 0.050999999046325683594 0.048999998718500137329 0.050999999046325683594 0.054000001400709152222 0.050000000745058059692 0.052000001072883605957 0.052000001072883605957 0.050000000745058059692 0.054000001400709152222 0.054999999701976776123 0.052000001072883605957 0.052000001072883605957 0.050999999046325683594 0.052999999374151229858 0.059000000357627868652 0.050999999046325683594 0.057000000029802322388 0.059999998658895492554 0.052000001072883605957
-9999 0.037000000476837158203 0.043000001460313796997 0.045000001788139343262 0.048999998718500137329 0.054999999701976776123 0.057000000029802322388 0.059000000357627868652 0.064999997615814208984 0.061000000685453414917 0.070000000298023223877 0.059999998658895492554 0.068999998271465301514 0.068000003695487976074 0.057000000029802322388 0.059999998658895492554 0.054000001400709152222 0.059000000357627868652 0.057000000029802322388 0.061999998986721038818 0.063000001013278961182 0.056000001728534698486 0.059000000357627868652 0.059000000357627868652 0.054000001400709152222 0.061000000685453414917 0.059999998658895492554 0.059000000357627868652 0.052000001072883605957 0.046999998390674591064 0.057000000029802322388 0.052999999374151229858 0.061999998986721038818 0.059999998658895492554 0.056000001728534698486 0.063000001013278961182 0.054000001400709152222 0.057999998331069946289 0.046999998390674591064 0.068000003695487976074 0.052000001072883605957 0.052999999374151229858
0.050999999046325683594 0.057999998331069946289 0.029999999329447746277 0.035000000149011611938 0.030999999493360519409 0.046000000089406967163 0.054999999701976776123 0.043000001460313796997 0.054999999701976776123 0.085000000894069671631 0.061000000685453414917 0.074000000953674316406 0.076999999582767486572 0.063000001013278961182 0.07500000298023223877 0.063000001013278961182 0.063000001013278961182 0.065999999642372131348 0.059999998658895492554 0.074000000953674316406 0.07100000232458114624 0.057999998331069946289 0.064000003039836883545 0.061000000685453414917 0.07199999690055847168 0.068000003695487976074 0.068999998271465301514 0.061999998986721038818 0.057000000029802322388 0.067000001668930053711 0.064999997615814208984 0.064999997615814208984 0.054999999701976776123 0.07100000232458114624 0.065999999642372131348 0.059000000357627868652 0.057999998331069946289 0.059000000357627868652 0.052999999374151229858 0.057999998331069946289 0.052999999374151229858 0.064999997615814208984
