examples/shallow_reservoirs_case/rasters/hexagon/continuous_cubic/hexagon_sim_01_cubic.asc
ncols        60
nrows        40
xllcorner    0.000000000000
yllcorner    0.000000000000
cellsize     0.100000000000
NODATA_value  -9999
[rows 0 to 18 of 40, columns 0 to 41 of 60]
-9999.0 -9999 -9999 -9999 -9999 -9999 -9999 -9999 -9999 -9999 -9999 -9999 -9999 -9999 -9999 -9999 0.031000000000000003247 0.030973593660266838384 0.031000000000000003247 0.031440886627457781399 0.032000000000000000666 0.03214223277008611962 0.032000000000000000666 0.032000000000000000666 0.032310796055777156466 0.032712057812594563799 0.033000000000000001554 0.033111111111111118932 0.03320916054046160748 0.033197086344212894948 0.033111111111111118932 0.033018215835751651976 0.033000000000000001554 0.033111111111111118932 0.033195742031394658011 0.033195964775085282095 0.033000000000000001554 0.032666666666666670238 0.032600288966436817562 0.032765343050772284539 0.033000000000000001554 0.032989645647217152868
-9999 -9999 -9999 -9999 -9999 -9999 -9999 -9999 -9999 -9999 -9999 -9999 -9999 0.029571428571428571425 0.030340335741994094165 0.030837245659242749907 0.031000000000000003247 0.030887371626049629075 0.031000000000000003247 0.031586640085798346755 0.031888888888888890227 0.031614383235650203585 0.031444444444444448472 0.031888888888888890227 0.032260206236884185482 0.032314828752335947315 0.03244444444444444936 0.032888888888888891116 0.033052205165231815509 0.033060054692982128455 0.033000000000000001554 0.032981139190014246987 0.032888888888888891116 0.03244444444444444936 0.032122763782655619491 0.031966750116049352792 0.03166666666666666935 0.031111111111111113686 0.031294202103803805959 0.031950740996229964885 0.032333333333333338921 0.031932996238874897243
-9999 -9999 -9999 -9999 -9999 -9999 -9999 -9999 -9999 -9999 -9999 -9999 0.029342180207650708085 0.030400000000000003408 0.030852877022197047058 0.031011355750564611328 0.031000000000000006717 0.030939396605002708607 0.031000000000000006717 0.031145700808869310194 0.031000000000000006717 0.030463106835067314121 0.030300000000000004013 0.031000000000000006717 0.031543766138293669044 0.031850967934216399546 0.032000000000000007605 0.032000000000000007605 0.031976520201571392854 0.032087877164873816749 0.032400000000000005185 0.033091699434393960499 0.033000000000000008493 0.031500000000000007161 0.03075070111537011458 0.030783063779764401752 0.031000000000000006717 0.031000000000000006717 0.03124757616375759689 0.031569000300786596858 0.031600000000000003086 0.03124995678147749964
-9999 -9999 -9999 -9999 -9999 -9999 -9999 -9999 -9999 -9999 -9999 0.028999999999999998002 0.030283833662737416614 0.031000000000000003247 0.031168252074868577073 0.031100714720016412601 0.031000000000000003247 0.031005030982604441653 0.031000000000000003247 0.030787756762593463528 0.030555555555555558023 0.030587756277260284843 0.0307777777777777789 0.031000000000000003247 0.031127140237087260605 0.03117253293747544729 0.031444444444444448472 0.032000000000000000666 0.031590761954886893703 0.030956894567136721691 0.031000000000000003247 0.032114560108365407254 0.032666666666666670238 0.030888888888888892809 0.029813158730013618325 0.02967683324470747272 0.030222222222222223237 0.031000000000000003247 0.030960742980329664098 0.030477220195157580379 0.030222222222222223237 0.030593127040323114113
-9999 -9999 -9999 -9999 -9999 -9999 -9999 -9999 -9999 -9999 -9999 0.030000000000000002359 0.030602559368548540308 0.031000000000000003247 0.031087093446923171752 0.030989097870696227094 0.030888888888888892809 0.030933164478520815827 0.031000000000000003247 0.030912329830697478361 0.0307777777777777789 0.030842909722446611165 0.031000000000000003247 0.031000000000000003247 0.030976318899451359828 0.030978728447687120529 0.031000000000000003247 0.031000000000000003247 0.03076170044499326392 0.030644141889319291561 0.031000000000000003247 0.03203064045658260417 0.032000000000000000666 0.030000000000000002359 0.029024997173044610188 0.029260010327487415149 0.030000000000000002359 0.030555555555555558023 0.030351739078315242287 0.029910739780608059518 0.029555555555555557135 0.029640323565495514668
-9999 -9999 -9999 -9999 -9999 -9999 -9999 -9999 -9999 -9999 0.029587691258614413903 0.030111111111111112798 0.030559105842273875248 0.030700000000000005063 0.03060489254643700488 0.030545082412109965386 0.030624999999999999445 0.030833308270696732634 0.030999999999999999778 0.031032216840123912766 0.030999999999999999778 0.030989311455415401858 0.030999999999999999778 0.030999999999999999778 0.031001283170070292189 0.031031549613345289773 0.030999999999999999778 0.030999999999999999778 0.030884573497229127897 0.030722378374579414201 0.030999999999999999778 0.031851385235541790353 0.032000000000000000666 0.030249999999999999112 0.029467141579164878029 0.029623039163482627056 0.02999999999999999889 0.02999999999999999889 0.029349000873909708575 0.02844677895549812402 0.028124999999999997224 0.029037993227528886148
-9999 -9999 -9999 -9999 -9999 -9999 -9999 -9999 -9999 0.029055980224837411191 0.029857142857142856401 0.031000000000000006717 0.030752560549829586339 0.030000000000000002359 0.029758861427993943405 0.029930482977681780593 0.030222222222222223237 0.030628650582081726889 0.031000000000000003247 0.031055469131290314166 0.031000000000000003247 0.030984947806476485083 0.031000000000000003247 0.031000000000000003247 0.030831056422123078592 0.03059556688410040165 0.030555555555555558023 0.031000000000000003247 0.031705667192986994318 0.032193651608375631334 0.032333333333333338921 0.032251188570445649129 0.032000000000000000666 0.031444444444444448472 0.030815095352090718372 0.030284331624439272262 0.030000000000000002359 0.030000000000000002359 0.029432145973833978569 0.028742649568509283375 0.028444444444444445808 0.028920300087808444023
-9999 -9999 -9999 -9999 -9999 -9999 -9999 -9999 0.028215146873956011703 0.029443637579747737598 0.030111111111111112798 0.030333333333333337145 0.030243889165823271276 0.030222222222222223237 0.030440044844227062693 0.030767865816558166714 0.031000000000000006717 0.031001006469202254529 0.031000000000000006717 0.031034456837970809256 0.031000000000000006717 0.030995280424771537442 0.031000000000000006717 0.031000000000000006717 0.030864387468030982098 0.030724233721544546433 0.030700000000000005063 0.031000000000000006717 0.031985537915698823708 0.033268740904330289243 0.033900000000000006517 0.032789913330763358068 0.032000000000000007605 0.033600000000000004863 0.033423039008860469523 0.032169068658878613443 0.030800000000000004458 0.030000000000000005829 0.029477255851264958647 0.029251001446665314543 0.029500000000000005385 0.029996911633758727156
-9999 -9999 -9999 -9999 -9999 -9999 -9999 -9999 0.028999999999999998002 0.030190909800854696943 0.031000000000000003247 0.031000000000000003247 0.030996783516660360303 0.031000000000000003247 0.030947369348649583776 0.030904128130525704288 0.031000000000000003247 0.031246120070858210416 0.031555555555555558911 0.031846271155703209654 0.031777777777777779789 0.031262760383047406842 0.030888888888888892809 0.031000000000000003247 0.030930359185632728958 0.030753552761718330744 0.031000000000000003247 0.032000000000000000666 0.032756471217611812796 0.033114208217948144786 0.033000000000000001554 0.03292372139969425987 0.03333333333333333981 0.034000000000000002442 0.034184798312132877451 0.033448321342976809756 0.032000000000000000666 0.030222222222222223237 0.029979884850485083447 0.030970769998661898392 0.032111111111111118044 0.032637117799138345986
-9999 -9999 -9999 -9999 -9999 -9999 -9999 0.028673104342405216632 0.02911111111111111191 0.030326663652894613604 0.031333333333333338033 0.031555555555555558911 0.03180941000502467142 0.032000000000000007605 0.031847577870268178879 0.031554683694053002607 0.031444444444444448472 0.031751144529049334098 0.032222222222222228483 0.032472511467453252232 0.032000000000000000666 0.030700691729708583927 0.030000000000000002359 0.031000000000000003247 0.031550517071087955112 0.031436038886752018517 0.031333333333333338033 0.03166666666666666935 0.031963462911168583069 0.03248893579539036125 0.033000000000000001554 0.03355812167725891193 0.034000000000000002442 0.034000000000000002442 0.034025340059891204247 0.033794885433835075705 0.032777777777777780677 0.031333333333333338033 0.031714702449457163325 0.033120603092715313054 0.034444444444444451137 0.034888290398299146022
-9999 -9999 -9999 -9999 -9999 -9999 0.029292989823482728368 0.029444316262318501881 0.030333333333333337145 0.031468991275959916354 0.032300000000000009259 0.032500000000000008049 0.03250356191886027285 0.03244444444444444936 0.032258578178957331151 0.032065495155625005352 0.032125000000000000777 0.032528280689140494364 0.033000000000000001554 0.03329603083577867273 0.032875000000000001443 0.031461896873486362713 0.030624999999999999445 0.031500000000000000222 0.032712950996719537822 0.033656163956222930056 0.033625000000000002109 0.032750000000000001332 0.032501739303753572619 0.032649277207844315529 0.033000000000000001554 0.033418726440759924379 0.034000000000000002442 0.034750000000000003109 0.034721299064511004784 0.033980700340490575806 0.033000000000000001554 0.032250000000000000888 0.033003796981846071634 0.034667758544405999355 0.036000000000000004219 0.0359356121891330621
-9999 -9999 -9999 -9999 -9999 0.030714285714285714801 0.030629948742815854557 0.030907289605202031835 0.03166666666666666935 0.03281330891441855413 0.033666666666666671126 0.033666666666666671126 0.033414233897443475219 0.033111111111111118932 0.032914084638609307498 0.032885223721162162858 0.033000000000000001554 0.033306830517969232552 0.033777777777777781565 0.034181726450338595358 0.034000000000000002442 0.032866681692089096123 0.03244444444444444936 0.033888888888888892004 0.03469897923743561069 0.034639364141680846487 0.034444444444444451137 0.034333333333333340698 0.033879358013298555008 0.033391350597184746296 0.03333333333333333981 0.034277948750515895016 0.035333333333333341586 0.035000000000000003331 0.034306943085506275137 0.03367122170442178597 0.03333333333333333981 0.033555555555555560687 0.034677756513787474923 0.036303441974996339403 0.037666666666666674679 0.038253192199414823294
-9999 -9999 -9999 -9999 -9999 0.032200000000000006395 0.032155254645668721047 0.032828799375295682206 0.033777777777777781565 0.034855286957595751907 0.036000000000000004219 0.036666666666666673791 0.036134791583873823728 0.03500000000000001027 0.034198317982968753914 0.03394730738126124775 0.034100000000000005307 0.034421150446629793229 0.03500000000000001027 0.035815722827242775506 0.036200000000000009948 0.035755451866493564994 0.035300000000000011924 0.035800000000000012368 0.036256745515543489788 0.036393597483539902315 0.036500000000000011602 0.036500000000000011602 0.035793560406936590634 0.034992915643566699369 0.03500000000000001027 0.036175017005973926498 0.037100000000000007971 0.036700000000000010392 0.036244164065015502252 0.036020719763206247854 0.035900000000000008293 0.035900000000000008293 0.036736953630450194797 0.038163635556711469898 0.039599999999999996314 0.040660416580147185073
-9999 -9999 -9999 -9999 0.036333333333333321657 0.035111111111111120708 0.035192340725398736645 0.036244683360822961549 0.037600000000000008415 0.038731975577691118984 0.039888888888888890394 0.040777777777777773904 0.039664226674854141663 0.038111111111111123373 0.037360255588253787895 0.037221068970888643301 0.037444444444444453801 0.037768888872197606266 0.038111111111111123373 0.038307019885014573224 0.038333333333333344251 0.038361801277934065579 0.038333333333333344251 0.038444444444444454689 0.03876012674662745322 0.039168255079555701348 0.0394444444444444417 0.039333333333333331261 0.038902221357587384032 0.038631720094118512931 0.038777777777777786006 0.039188675846376710976 0.039666666666666662577 0.040222222222222214771 0.0406910541859841976 0.040972607366190398615 0.040555555555555546088 0.039777777777777773016 0.040948116953290536468 0.04303399399058578656 0.044333333333333328763 0.043798548953458874
-9999 -9999 -9999 0.040428522097046205863 0.037888888888888895556 0.039666666666666662577 0.040875363934799159582 0.042326469947208886224 0.043666666666666659191 0.044862778563450195213 0.045888888888888881845 0.045799999999999993494 0.044422808574812767957 0.042777777777777768742 0.041910075266789040271 0.041840389191871170393 0.042111111111111106109 0.042141882005969619196 0.042333333333333326987 0.042796331139826712664 0.042999999999999996558 0.043060613181018565776 0.042999999999999989619 0.042999999999999996558 0.043313182844736244914 0.043683615112955577475 0.043777777777777776569 0.043222222222222217436 0.042955018117918464249 0.043096195686361783717 0.043333333333333327875 0.043414917797477262096 0.043777777777777776569 0.044999999999999991396 0.045874996108946519691 0.045928793723995699205 0.045111111111111101835 0.043555555555555548752 0.043961465030135787879 0.045602312438823858209 0.046666666666666661856 0.046194600229434015781
-9999 -9999 -9999 0.03997184095137198967 0.043111111111111106997 0.046444444444444434039 0.048560943737079510785 0.049769559498978752088 0.050888888888888886286 0.052404361864439578944 0.053777777777777771573 0.05399999999999999245 0.052695884806162121561 0.051111111111111107164 0.05030514202205051133 0.049986026570477903874 0.049874999999999995726 0.049712434829387287805 0.049749999999999995615 0.050529635549106312331 0.051124999999999996836 0.050528164109334167131 0.049499999999999995393 0.048999999999999994948 0.049491526140128666578 0.05005008508119193622 0.049624999999999995504 0.048124999999999994171 0.047949638765766758319 0.04860121734982337377 0.048999999999999994948 0.048506581655129117625 0.048249999999999994282 0.049499999999999995393 0.050448930316102640059 0.050381438312799030343 0.048749999999999994726 0.045874999999999992173 0.045312720456216176723 0.04708028284395932711 0.04912499999999999506 0.049169278812450534222
-9999 -9999 0.042285714285714280647 0.0437114208283189698 0.046666666666666661856 0.051777777777777776735 0.0551882857080855313 0.056511109845669878216 0.057111111111111112493 0.058315713149828217465 0.060222222222222225596 0.062888888888888896944 0.063314683273255983886 0.061800000000000000766 0.060596970566623914456 0.05983297100039292743 0.059333333333333335147 0.058829111064219660743 0.058666666666666672514 0.059103608950817461409 0.05922222222222221083 0.05835486467530510285 0.057222222222222222932 0.056888888888888891615 0.057708351230529933429 0.058274170630408975158 0.056777777777777781176 0.052555555555555549807 0.05208372420643354872 0.054464400747734995067 0.056000000000000001166 0.054504005302309005421 0.053333333333333322879 0.054444444444444434206 0.054938224378084946076 0.05414982146586276579 0.051888888888888887174 0.048333333333333325377 0.047878929453284854723 0.049185446719762826451 0.050444444444444437592 0.050899574014056626903
-9999 0.044647056994939586516 0.046249999999999992506 0.044222798014019779056 0.043777777777777776569 0.050999999999999996725 0.054542534873260696549 0.055296637695569958448 0.055777777777777780288 0.058072986480784669072 0.062555555555555544811 0.069333333333333344028 0.071871637629232681954 0.07100000000000000755 0.069811430709597721567 0.068520572850220271 0.067000000000000017875 0.065475570095536256288 0.064899999999999999356 0.065792799378334876348 0.066900000000000001132 0.066725590817459268234 0.065700000000000008393 0.065299999999999996936 0.066544550686484599256 0.067053427015935321287 0.064199999999999993183 0.058799999999999998102 0.059003672398938583621 0.062466925123418670651 0.064799999999999996492 0.061600602942642593285 0.057600000000000005362 0.060000000000000011657 0.059781952081989907233 0.057489113824384999174 0.05590000000000000524 0.055600000000000003586 0.05538411323349297366 0.055377607379701085377 0.054799999999999994549 0.053685567889986532397
0.043000000000000003497 0.054503437027470021115 0.05900000000000000383 0.051402425127280403083 0.044777777777777770518 0.050666666666666665408 0.054237348913016840413 0.053686272321607220182 0.053777777777777771573 0.057255602705414326836 0.063444444444444442199 0.071000000000000021427 0.074547362843830303203 0.075333333333333349358 0.075242237699677264051 0.074018979609561802446 0.07188888888888889106 0.069351113610820344646 0.068000000000000004885 0.069427657080744276108 0.071555555555555566682 0.072086280812661426842 0.070555555555555551916 0.067333333333333342252 0.068170125092818056878 0.070132743394632199307 0.069555555555555564906 0.065222222222222223098 0.065357102390315655049 0.068007590015226479507 0.068666666666666681396 0.066327073246249285132 0.063888888888888883955 0.06244444444444444825 0.061154738117139714748 0.060141009840048373358 0.060000000000000004718 0.062000000000000006495 0.063295549568639739024 0.06280143333373409964 0.060333333333333322157 0.05666710448014562751
