examples/shallow_reservoirs_case/rasters/hexagon/continuous_cubic/hexagon_sim_01_cubic.asc
ncols        60
nrows        40
xllcorner    0.000000000000
yllcorner    0.000000000000
cellsize     0.100000000000
NODATA_value  -9999
[rows 19 to 37 of 40, columns 0 to 41 of 60]
0.044444444444444439202 0.059466655096352370735 0.065125000000000002331 0.056068740388814659881 0.04722222222222221405 0.051600000000000000033 0.05535839688672480885 0.056613638709123934034 0.058199999999999994793 0.062002758182528691644 0.066111111111111106609 0.066777777777777769241 0.069733638391280494684 0.073099999999999984435 0.074479229510693661931 0.07397900556887473944 0.072333333333333318937 0.069945561623407481733 0.069111111111111123151 0.071974620042184009328 0.074222222222222217214 0.072547307835485463912 0.069111111111111123151 0.066444444444444458742 0.068637842015056571565 0.072685597286385933424 0.073000000000000009326 0.067777777777777784007 0.065540997742732115539 0.066270057912572524761 0.067111111111111121375 0.06654608064913766774 0.065111111111111119598 0.063111111111111117822 0.062005853042233098626 0.061082823810958072897 0.060555555555555549974 0.061111111111111116045 0.061719833311233061879 0.061747427505025265226 0.06066666666666667429 0.058339222315855379652
0.04779999999999999527 0.051252327267133752919 0.052124999999999997724 0.048326810740216261109 0.043624999999999990175 0.044222222222222218324 0.046401301224976897186 0.049892852804913942477 0.053444444444444440256 0.056526534332991873466 0.059111111111111114269 0.061777777777777785617 0.062423458469250736602 0.06244444444444444825 0.063789654349471439088 0.065544154641190288668 0.066500000000000003553 0.065569378757636770372 0.064250000000000001554 0.064620668372767975374 0.065875000000000002998 0.06675456875648412558 0.06612500000000000322 0.065625000000000002776 0.066495842103118069089 0.0667133789383602821 0.065750000000000002887 0.064000000000000001332 0.064400467258164173501 0.065564051946916876434 0.064625000000000001887 0.061019290159177654032 0.058749999999999996669 0.060374999999999998113 0.060540174835001618614 0.059115180550715018537 0.057499999999999995559 0.05650000000000000161 0.056449441992345986141 0.05711328315154406976 0.057625000000000002609 0.057554881152981567094
0.045000000000000005274 0.042520602101816309948 0.041444444444444436537 0.043852128310759554142 0.046444444444444434039 0.046666666666666661856 0.046616270825068202577 0.046492638044448683643 0.046555555555555544478 0.046143700589629972619 0.047444444444444434927 0.051700000000000002898 0.052215403409251209821 0.051888888888888887174 0.052950098158390170033 0.054419879100418913631 0.055600000000000003586 0.055864535089307137961 0.055499999999999993783 0.055164416519674019934 0.055000000000000007216 0.054957010215419828392 0.055200000000000006006 0.055499999999999993783 0.055818043925941397687 0.056162414982394111285 0.056400000000000005684 0.057099999999999997979 0.058555650514637444526 0.059813037866051514679 0.059799999999999985112 0.056861264149519079314 0.05360000000000000181 0.053300000000000000155 0.053957131720846270018 0.054390270574330108755 0.053499999999999992006 0.051099999999999999589 0.051195520154004220403 0.052754773100975600741 0.054500000000000006772 0.05541129293276966794
-9999 0.038663497175154673546 0.037374999999999998501 0.039249689948984235743 0.040888888888888884343 0.041666666666666657415 0.040644752004367401543 0.039123395708721399322 0.038111111111111109495 0.038452125676165828383 0.04033333333333332521 0.043222222222222210497 0.044045281775285653747 0.043777777777777776569 0.044267212279019516052 0.045273114580735018819 0.045999999999999992284 0.045890032667208237316 0.04549999999999999184 0.04548630011029664022 0.045624999999999991951 0.045983955195267336991 0.046499999999999992728 0.046999999999999993172 0.047330548511825457081 0.047515217869113834936 0.04799999999999999406 0.048499999999999994504 0.049310548488927317956 0.050260425772776985698 0.050499999999999996281 0.049823677877228259026 0.048499999999999994504 0.047124999999999993283 0.047513804139097885748 0.048382673821558253024 0.048249999999999994282 0.046874999999999993061 0.047306809327807966548 0.049141942810776786943 0.050874999999999996614 0.051011195926598890127
-9999 -9999 0.036142857142857143238 0.03750059022834457273 0.037333333333333329485 0.036222222222222225096 0.035065506578560411144 0.033770822009965541233 0.033222222222222229371 0.033703515239046515084 0.035333333333333341586 0.037666666666666660801 0.03788284783306945791 0.037399999999999995748 0.037615933043523668011 0.038224835989676471393 0.038799999999999994216 0.038821317614176197031 0.038499999999999992562 0.038151826747639214221 0.038399999999999996636 0.039575802429808043525 0.040099999999999996758 0.039199999999999998734 0.039555603247465404015 0.041165134193178784527 0.042599999999999985101 0.042999999999999996558 0.043002592080425929011 0.042669622059983210172 0.04239999999999999325 0.042631860667721663272 0.04259999999999999204 0.04199999999999999567 0.042359211693430785795 0.043304094867171433192 0.044099999999999993372 0.044199999999999996236 0.044923140585602587549 0.045948316023446164613 0.046299999999999993938 0.045566906739331412834
-9999 -9999 -9999 0.03796794233882110764 0.037111111111111122485 0.031444444444444448472 0.029344624458266799216 0.029830713893726740205 0.031000000000000003247 0.031533181355547189317 0.03244444444444444936 0.03411111111111111982 0.034136468322266778908 0.033444444444444450248 0.033295898752040614665 0.033690763008541804724 0.034222222222222230259 0.034605378285812317396 0.034666666666666672014 0.034539984729055901724 0.034444444444444451137 0.034777571707075259633 0.035444444444444452025 0.036000000000000004219 0.036513899552480535982 0.036956251352572237756 0.037666666666666660801 0.038666666666666661689 0.039381140408311705869 0.039679481582636295933 0.039333333333333331261 0.038376201710441808224 0.037888888888888888618 0.038777777777777772128 0.039637198460930889166 0.040254798580406009334 0.040888888888888877404 0.041555555555555546976 0.041349708701823521817 0.04082616236017123923 0.040888888888888877404 0.042212665437312821282
-9999 -9999 -9999 0.034427807144165566144 0.035666666666666672902 0.029777777777777778012 0.027646688552972295549 0.028562859973122425861 0.030111111111111112798 0.030634927153903555863 0.031333333333333338033 0.033000000000000008493 0.03313544555194690433 0.032333333333333338921 0.032004533272517399212 0.032243830137791161528 0.032750000000000001332 0.033211875252137756931 0.033500000000000001998 0.033496869753706588757 0.033375000000000001887 0.033288016411799459249 0.033500000000000001998 0.034500000000000002887 0.035168910409413757512 0.035439837756555327142 0.035375000000000003664 0.035250000000000003553 0.036252311281954816002 0.037741920163577538649 0.037999999999999999056 0.036065247228662035417 0.03487500000000000322 0.036500000000000004663 0.037376171190045777426 0.037871354405961357714 0.038749999999999999722 0.040000000000000000833 0.040308542676092455614 0.04003956618413231916 0.040000000000000000833 0.041053962634517042474
-9999 -9999 -9999 -9999 0.034999999999999968636 0.02900000000000000494 0.02730170441865062067 0.02840434597644641776 0.030000000000000005829 0.030407415673229420267 0.031000000000000003247 0.033000000000000001554 0.033639044182448264719 0.033111111111111118932 0.032492740549785140147 0.032077310487965193797 0.032000000000000007605 0.0322716251209737362 0.032700000000000006839 0.033072073980302138518 0.033000000000000008493 0.032243203562537223195 0.032300000000000009259 0.034000000000000009381 0.03481145320759546774 0.034654243936695555695 0.034100000000000005307 0.033700000000000007727 0.035127987842288203868 0.036977061779292864918 0.037599999999999994538 0.035511458337873613722 0.034000000000000009381 0.036200000000000009948 0.036216866334461146615 0.035193899206965299775 0.035700000000000009504 0.038999999999999993006 0.040147303595731653747 0.039766537872489883532 0.039199999999999998734 0.039505114504322973168
-9999 -9999 -9999 -9999 -9999 0.028444444444444445808 0.0280941262661314195 0.028979871489226552428 0.02988888888888889192 0.030124174904338451436 0.031111111111111113686 0.033444444444444450248 0.034300835616161935715 0.034000000000000009381 0.033218616947533113892 0.032469490384394471272 0.032000000000000000666 0.03206665270063543266 0.032375000000000000999 0.03251040523032858176 0.032250000000000000888 0.031683826748565679932 0.032000000000000000666 0.034000000000000002442 0.035130146625625607859 0.035127128782039523935 0.034500000000000002887 0.034000000000000002442 0.034559053581642469599 0.035291352339539110161 0.035250000000000003553 0.034280677522688318692 0.034000000000000002442 0.035500000000000003775 0.03578528797669613265 0.034760727824896982263 0.034625000000000002998 0.036375000000000004552 0.037547802099755611671 0.037906251319498596164 0.037999999999999999056 0.038311072149210909088
-9999 -9999 -9999 -9999 -9999 0.027999999999999997113 0.027829148709017453855 0.028073364456199449701 0.029000000000000001471 0.030681903085544689341 0.032333333333333338921 0.033444444444444450248 0.033625275037430471525 0.03333333333333333981 0.033043485335247174683 0.032781023137916753818 0.032700000000000006839 0.032902681888127144338 0.033000000000000008493 0.032628738045303237736 0.032000000000000007605 0.031420259867989928926 0.032000000000000007605 0.034600000000000005751 0.035808546603949074905 0.035675819367419064898 0.03500000000000001027 0.034500000000000009825 0.034409521108733347183 0.034617142353298990809 0.03480000000000001148 0.034422857176791533951 0.033800000000000010592 0.033300000000000010147 0.032821257844116928648 0.032747989380197885245 0.033600000000000004863 0.035300000000000011924 0.036381919040101455554 0.037040497168592714794 0.037599999999999994538 0.038294814461432694075
-9999 -9999 -9999 -9999 -9999 -9999 0.028122211893003748462 0.027969243528068492982 0.029000000000000001471 0.031662971330891333255 0.033100000000000004419 0.032000000000000007605 0.032261670385705806807 0.033000000000000001554 0.033161869266315556481 0.03301978554386506004 0.033000000000000001554 0.033317575090087890588 0.033444444444444450248 0.032922184818864323741 0.032111111111111118044 0.031621104311740512449 0.032111111111111118044 0.034000000000000002442 0.035354545561070004067 0.035830497222127132007 0.035444444444444452025 0.034444444444444451137 0.033852200546030150607 0.033570145121535908961 0.03333333333333333981 0.032968527371026616624 0.032555555555555559799 0.032000000000000000666 0.031549980011259526336 0.031825574041013965365 0.033444444444444450248 0.036444444444444452913 0.037315748673360689402 0.037016921011183964718 0.037000000000000005107 0.038139414103590049687
-9999 -9999 -9999 -9999 -9999 -9999 -9999 0.029123523624556349465 0.029000000000000001471 0.030215510994704042336 0.031333333333333338033 0.031888888888888890227 0.032527599263027819065 0.033000000000000008493 0.033403847042720209715 0.033654869951225421798 0.033888888888888892004 0.034339652794972211347 0.034555555555555561575 0.033957910199762027237 0.033222222222222229371 0.033087031739018959997 0.033444444444444450248 0.034000000000000002442 0.035005193646629483017 0.035945290691262961336 0.036000000000000004219 0.035000000000000003331 0.034121748666075826795 0.03350801911521326254 0.033000000000000001554 0.03243786645940142932 0.032111111111111118044 0.03244444444444444936 0.032520037891805089747 0.033032430120546255048 0.034666666666666672014 0.037444444444444453801 0.038403708602951051876 0.037542252199883975605 0.037000000000000005107 0.038204131014561361346
-9999 -9999 -9999 -9999 -9999 -9999 -9999 -9999 0.028999999999999998002 0.028084438122733614701 0.028666666666666666685 0.031000000000000003247 0.032519591267567232729 0.03333333333333333981 0.034239434323101378133 0.035057282368465586542 0.035222222222222231147 0.034679134325691925167 0.034222222222222230259 0.034360926501392594079 0.034777777777777782453 0.034594491470309636505 0.034333333333333340698 0.035222222222222231147 0.036069092221766109463 0.036350460813324457499 0.036000000000000004219 0.035000000000000003331 0.034146370420114181832 0.033567661738831688911 0.033222222222222229371 0.033020300013555534124 0.03333333333333333981 0.034222222222222230259 0.034300880003884981484 0.03423931425463120487 0.035333333333333341586 0.037999999999999999056 0.038689881173993460883 0.038196142932355812982 0.037777777777777785118 0.038325491087000097823
-9999 -9999 -9999 -9999 -9999 -9999 -9999 -9999 0.025700829107792182854 0.027938300339760916563 0.027222222222222220572 0.030888888888888892809 0.032761646075220342278 0.033666666666666671126 0.035098346939950592072 0.036262935706887870768 0.03612500000000000433 0.034745986888104200829 0.034000000000000002442 0.035121240762485031461 0.036375000000000004552 0.036208293622302774317 0.035750000000000003997 0.036000000000000004219 0.036472197622712781984 0.036599644155135543921 0.036375000000000004552 0.035875000000000004108 0.035516340474257467041 0.035334709847027565011 0.035125000000000003442 0.03467453864570946287 0.034625000000000002998 0.035500000000000003775 0.035903001469320294792 0.036170278456741998541 0.036875000000000004996 0.038124999999999999167 0.038897005499096075354 0.039241853295562248438 0.039250000000000000167 0.039139504563797090919
-9999 -9999 -9999 -9999 -9999 -9999 -9999 -9999 -9999 0.026718341429839777973 0.027999999999999997113 0.029800000000000003569 0.031241795275390164821 0.032666666666666670238 0.034413199505970326619 0.036008724298189416502 0.036777777777777784229 0.035477815992343730844 0.034000000000000002442 0.034754934581298892182 0.036000000000000004219 0.036137753281822226903 0.036000000000000004219 0.037000000000000005107 0.037961865395765452547 0.038218283981731646093 0.037666666666666674679 0.036555555555555563352 0.036670981218701818871 0.037269324963006153495 0.03755555555555556424 0.037024875295278474041 0.036333333333333342474 0.036222222222222232035 0.036616476482455480312 0.037334477231615287307 0.038222222222222219934 0.038999999999999999944 0.039144786183325980256 0.039054972978705401743 0.038999999999999999944 0.039264861894787429775
-9999 -9999 -9999 -9999 -9999 -9999 -9999 -9999 -9999 -9999 0.026691277478467497625 0.027777777777777776236 0.029282354378171657205 0.031000000000000006717 0.033246768937888991624 0.035270636488909670736 0.036000000000000011158 0.035503739217295861297 0.03500000000000001027 0.035207172078895003497 0.036000000000000011158 0.036691036833783621796 0.037200000000000010836 0.037900000000000003131 0.038599973165113848905 0.038867247498359444591 0.037999999999999992117 0.036500000000000011602 0.036703467527630484479 0.037990604184179918579 0.038999999999999993006 0.038935285653470777523 0.038199999999999997846 0.037600000000000008415 0.038223238056970823551 0.039225434867179734266 0.039799999999999995104 0.03949999999999999345 0.039347247831623057002 0.039451099860313726397 0.039599999999999996314 0.039698885794792859727
-9999 -9999 -9999 -9999 -9999 -9999 -9999 -9999 -9999 -9999 -9999 0.025888888888888888368 0.027753898011847931426 0.030000000000000002359 0.032290757233025997597 0.034385824189651525984 0.035777777777777783341 0.036053565820597058278 0.03588888888888889378 0.036062636607586164017 0.036777777777777784229 0.038102690875649831981 0.038666666666666661689 0.037111111111111115546 0.036716843568513360396 0.037274964621863616865 0.037111111111111115546 0.035111111111111120708 0.034800006245156951679 0.036008757313130759781 0.037444444444444439923 0.038141591793863831306 0.038444444444444440812 0.038999999999999999944 0.039771764322882589837 0.040277914099966678763 0.040000000000000000833 0.039111111111111110383 0.039098648219138026905 0.039843582954438086507 0.040777777777777766965 0.041095513891623552949
-9999 -9999 -9999 -9999 -9999 -9999 -9999 -9999 -9999 -9999 -9999 0.026000000000000005745 0.027101921525039405353 0.028777777777777777124 0.030582249932554858574 0.032291966497516019774 0.034000000000000002442 0.035625420907224619738 0.036625000000000004774 0.036979660967255793824 0.037499999999999998612 0.038409600754069836426 0.038249999999999999278 0.036250000000000004441 0.036852337275712895859 0.038144107785337208472 0.037625000000000005662 0.035125000000000003442 0.033807775534406052376 0.033794750287229877173 0.035125000000000003442 0.037414931110291871352 0.038999999999999999944 0.038999999999999999944 0.039197909195155235251 0.039145882520271506333 0.038124999999999999167 0.036499999999999997724 0.037255249705986051567 0.039371361625968603892 0.040999999999999987843 0.041415720659877537646
-9999 -9999 -9999 -9999 -9999 -9999 -9999 -9999 -9999 -9999 -9999 -9999 0.025974826781146560101 0.0269000000000000003 0.02878285660201873597 0.030858996391673318427 0.033000000000000008493 0.034946108814840975976 0.036100000000000007083 0.036071925001639554287 0.036000000000000011158 0.036664422037805524668 0.036600000000000007527 0.03500000000000001027 0.035270735533277593199 0.036811586179140730335 0.037299999999999992883 0.035200000000000009059 0.03438061951752763995 0.034683143799014527764 0.035700000000000009504 0.037175445311062184361 0.038199999999999997846 0.037799999999999993328 0.037274211728882275518 0.036912241889607531886 0.036300000000000012812 0.036000000000000011158 0.037122701106836873686 0.038757067781034423848 0.039899999999999997968 0.039990777921771615555
